Gap (nm):	600.000000
Position (nm)	Voltage (mV)
1.000000	1437.417659
250.975000	1.016218
500.950000	0.220329
750.925000	0.062138
1000.900000	0.034165
1250.875000	0.016636
1500.850000	0.010984
1750.825000	0.003685
2000.800000	0.005171
2250.775000	0.004268
2500.750000	0.002823
2750.725000	-0.001964
3000.700000	-0.000806
3250.675000	0.002279
3500.650000	0.003345
3750.625000	0.001875
4000.600000	0.002461
4250.575000	0.002740
4500.550000	0.001738
4750.525000	0.001016
5000.500000	-0.001387
5250.475000	-0.000341
5500.450000	0.000790
5750.425000	0.001456
6000.400000	0.000744
6250.375000	0.000878
6500.350000	0.000369
6750.325000	-0.000307
7000.300000	-0.000375
7250.275000	-0.000885
7500.250000	-0.000374
7750.225000	-0.000490
8000.200000	0.000371
8250.175000	0.000360
8500.150000	0.000336
8750.125000	-0.000298
9000.100000	-0.000682
9250.075000	0.000223
9500.050000	-0.000919
9750.025000	0.001142
10000.000000	0.001005

Gap (nm):	740.000000
Position (nm)	Voltage (mV)
1.000000	1437.934303
250.975000	1.239620
500.950000	0.277891
750.925000	0.101354
1000.900000	0.055826
1250.875000	0.023617
1500.850000	0.016587
1750.825000	0.007879
2000.800000	0.004870
2250.775000	0.006639
2500.750000	0.001067
2750.725000	0.004105
3000.700000	0.003473
3250.675000	0.004812
3500.650000	-0.001105
3750.625000	0.001810
4000.600000	0.001161
4250.575000	0.000928
4500.550000	-0.000250
4750.525000	-0.001589
5000.500000	0.001952
5250.475000	-0.001247
5500.450000	0.000420
5750.425000	0.001090
6000.400000	0.000663
6250.375000	0.000799
6500.350000	0.000750
6750.325000	-0.003114
7000.300000	0.000914
7250.275000	0.000289
7500.250000	-0.000357
7750.225000	-0.000496
8000.200000	-0.000382
8250.175000	0.000589
8500.150000	-0.000155
8750.125000	0.000037
9000.100000	0.000267
9250.075000	0.000612
9500.050000	0.000255
9750.025000	0.000624
10000.000000	-0.000224

Gap (nm):	880.000000
Position (nm)	Voltage (mV)
1.000000	1438.276799
250.975000	1.447072
500.950000	0.348841
750.925000	0.136679
1000.900000	0.061919
1250.875000	0.032648
1500.850000	0.023318
1750.825000	0.013261
2000.800000	0.012935
2250.775000	0.009195
2500.750000	0.004532
2750.725000	0.004252
3000.700000	0.007812
3250.675000	-0.000431
3500.650000	0.001331
3750.625000	0.002064
4000.600000	0.002942
4250.575000	0.000118
4500.550000	0.001234
4750.525000	0.001587
5000.500000	-0.000057
5250.475000	0.001923
5500.450000	0.000235
5750.425000	-0.000419
6000.400000	0.000834
6250.375000	0.000714
6500.350000	0.001491
6750.325000	-0.000115
7000.300000	-0.000225
7250.275000	0.000920
7500.250000	0.001491
7750.225000	-0.000458
8000.200000	0.000993
8250.175000	-0.000405
8500.150000	0.002156
8750.125000	-0.000352
9000.100000	0.000923
9250.075000	-0.001433
9500.050000	0.000213
9750.025000	0.000864
10000.000000	-0.000301

Gap (nm):	1020.000000
Position (nm)	Voltage (mV)
1.000000	1438.519069
250.975000	1.614034
500.950000	0.440540
750.925000	0.167826
1000.900000	0.084000
1250.875000	0.044710
1500.850000	0.024605
1750.825000	0.015535
2000.800000	0.013645
2250.775000	0.010919
2500.750000	0.005721
2750.725000	0.005516
3000.700000	0.003937
3250.675000	0.004937
3500.650000	0.003365
3750.625000	0.000568
4000.600000	0.001500
4250.575000	0.003506
4500.550000	0.000744
4750.525000	0.001244
5000.500000	-0.000576
5250.475000	0.001584
5500.450000	0.000039
5750.425000	0.001909
6000.400000	0.000618
6250.375000	0.000376
6500.350000	0.000745
6750.325000	0.000465
7000.300000	0.000536
7250.275000	0.001002
7500.250000	-0.000904
7750.225000	0.001527
8000.200000	0.000957
8250.175000	0.000742
8500.150000	-0.000272
8750.125000	0.001554
9000.100000	0.000114
9250.075000	-0.000104
9500.050000	0.000208
9750.025000	0.000291
10000.000000	0.000897

Gap (nm):	1160.000000
Position (nm)	Voltage (mV)
1.000000	1438.706624
250.975000	1.734442
500.950000	0.502005
750.925000	0.197399
1000.900000	0.100951
1250.875000	0.059347
1500.850000	0.037619
1750.825000	0.026334
2000.800000	0.016795
2250.775000	0.011308
2500.750000	0.008942
2750.725000	0.005388
3000.700000	0.003907
3250.675000	0.007040
3500.650000	0.003298
3750.625000	0.004997
4000.600000	0.003349
4250.575000	0.001235
4500.550000	-0.000750
4750.525000	0.001223
5000.500000	0.000420
5250.475000	0.002439
5500.450000	0.000875
5750.425000	0.001541
6000.400000	-0.000273
6250.375000	0.000017
6500.350000	0.001322
6750.325000	0.001027
7000.300000	0.000469
7250.275000	0.000033
7500.250000	-0.000761
7750.225000	0.000805
8000.200000	0.000719
8250.175000	0.000975
8500.150000	-0.000025
8750.125000	0.000621
9000.100000	0.000001
9250.075000	0.000370
9500.050000	-0.000022
9750.025000	0.001209
10000.000000	-0.000832

Gap (nm):	1300.000000
Position (nm)	Voltage (mV)
1.000000	1438.835811
250.975000	1.830828
500.950000	0.561802
750.925000	0.229945
1000.900000	0.122749
1250.875000	0.064803
1500.850000	0.046019
1750.825000	0.029089
2000.800000	0.021427
2250.775000	0.018982
2500.750000	0.007394
2750.725000	0.006425
3000.700000	0.006149
3250.675000	0.003862
3500.650000	0.005588
3750.625000	0.002674
4000.600000	-0.000549
4250.575000	0.002557
4500.550000	0.001960
4750.525000	0.002814
5000.500000	0.001355
5250.475000	0.000466
5500.450000	0.000779
5750.425000	-0.000992
6000.400000	-0.001465
6250.375000	-0.000599
6500.350000	0.000722
6750.325000	0.000989
7000.300000	0.000884
7250.275000	-0.000592
7500.250000	-0.000195
7750.225000	-0.000717
8000.200000	0.000578
8250.175000	-0.000303
8500.150000	0.000605
8750.125000	0.001256
9000.100000	0.000918
9250.075000	-0.000160
9500.050000	0.000188
9750.025000	0.001563
10000.000000	0.000263

Gap (nm):	1440.000000
Position (nm)	Voltage (mV)
1.000000	1438.946970
250.975000	1.961518
500.950000	0.618369
750.925000	0.264707
1000.900000	0.136787
1250.875000	0.078600
1500.850000	0.049109
1750.825000	0.033816
2000.800000	0.020937
2250.775000	0.017389
2500.750000	0.010165
2750.725000	0.010503
3000.700000	0.006503
3250.675000	0.006573
3500.650000	0.003707
3750.625000	0.004550
4000.600000	0.003840
4250.575000	0.000499
4500.550000	0.003113
4750.525000	0.002624
5000.500000	0.002967
5250.475000	0.001272
5500.450000	0.000356
5750.425000	0.000852
6000.400000	0.001823
6250.375000	0.000252
6500.350000	0.000452
6750.325000	0.000363
7000.300000	0.001016
7250.275000	0.001900
7500.250000	-0.000917
7750.225000	0.001153
8000.200000	0.000508
8250.175000	0.000186
8500.150000	0.000156
8750.125000	0.000424
9000.100000	-0.000657
9250.075000	0.000124
9500.050000	0.001323
9750.025000	0.000001
10000.000000	-0.000424

Gap (nm):	1580.000000
Position (nm)	Voltage (mV)
1.000000	1439.052167
250.975000	2.016048
500.950000	0.682167
750.925000	0.305618
1000.900000	0.161547
1250.875000	0.094721
1500.850000	0.059598
1750.825000	0.041026
2000.800000	0.028116
2250.775000	0.020852
2500.750000	0.011209
2750.725000	0.011301
3000.700000	0.006908
3250.675000	0.006942
3500.650000	0.003932
3750.625000	0.003843
4000.600000	0.003464
4250.575000	0.005043
4500.550000	0.004245
4750.525000	0.003882
5000.500000	0.004364
5250.475000	-0.001697
5500.450000	0.000961
5750.425000	0.003078
6000.400000	0.001775
6250.375000	-0.000188
6500.350000	0.000432
6750.325000	0.001487
7000.300000	0.001157
7250.275000	0.000446
7500.250000	0.000582
7750.225000	-0.000028
8000.200000	0.001115
8250.175000	0.000155
8500.150000	0.000518
8750.125000	0.000602
9000.100000	0.000379
9250.075000	0.000901
9500.050000	0.000968
9750.025000	0.000107
10000.000000	0.000295

Gap (nm):	1720.000000
Position (nm)	Voltage (mV)
1.000000	1439.129933
250.975000	2.074828
500.950000	0.728953
750.925000	0.342774
1000.900000	0.187080
1250.875000	0.112193
1500.850000	0.070876
1750.825000	0.038100
2000.800000	0.030171
2250.775000	0.020975
2500.750000	0.015534
2750.725000	0.014239
3000.700000	0.008780
3250.675000	0.009245
3500.650000	0.005666
3750.625000	0.007928
4000.600000	0.003462
4250.575000	0.004775
4500.550000	0.001089
4750.525000	0.005030
5000.500000	0.001418
5250.475000	0.003990
5500.450000	0.000090
5750.425000	0.001523
6000.400000	0.001310
6250.375000	0.000094
6500.350000	0.001596
6750.325000	0.000574
7000.300000	0.001056
7250.275000	-0.000869
7500.250000	-0.000124
7750.225000	0.000704
8000.200000	0.000867
8250.175000	0.000970
8500.150000	-0.000424
8750.125000	0.000100
9000.100000	-0.000132
9250.075000	0.000653
9500.050000	0.000411
9750.025000	0.000894
10000.000000	0.000242

Gap (nm):	1860.000000
Position (nm)	Voltage (mV)
1.000000	1439.184555
250.975000	2.119552
500.950000	0.743390
750.925000	0.359909
1000.900000	0.204540
1250.875000	0.124966
1500.850000	0.076847
1750.825000	0.045377
2000.800000	0.038170
2250.775000	0.025816
2500.750000	0.018946
2750.725000	0.013135
3000.700000	0.013018
3250.675000	0.011276
3500.650000	0.006103
3750.625000	0.005950
4000.600000	0.002618
4250.575000	0.006062
4500.550000	0.003940
4750.525000	0.000570
5000.500000	0.003277
5250.475000	0.002902
5500.450000	0.000080
5750.425000	0.002034
6000.400000	0.003693
6250.375000	0.000139
6500.350000	0.000614
6750.325000	0.002020
7000.300000	0.001125
7250.275000	0.000294
7500.250000	0.000172
7750.225000	0.000890
8000.200000	0.000751
8250.175000	0.001212
8500.150000	0.000777
8750.125000	0.000656
9000.100000	0.000633
9250.075000	-0.000563
9500.050000	0.000784
9750.025000	0.000985
10000.000000	0.000323

Gap (nm):	2000.000000
Position (nm)	Voltage (mV)
1.000000	1439.252098
250.975000	2.179383
500.950000	0.802986
750.925000	0.396143
1000.900000	0.222980
1250.875000	0.129027
1500.850000	0.081868
1750.825000	0.059229
2000.800000	0.037983
2250.775000	0.028129
2500.750000	0.022082
2750.725000	0.016041
3000.700000	0.012786
3250.675000	0.008960
3500.650000	0.011157
3750.625000	0.007852
4000.600000	0.005553
4250.575000	0.003779
4500.550000	0.003272
4750.525000	0.003094
5000.500000	0.002446
5250.475000	0.002598
5500.450000	0.003598
5750.425000	0.003705
6000.400000	0.000944
6250.375000	0.001404
6500.350000	0.001341
6750.325000	0.001299
7000.300000	0.000045
7250.275000	0.001814
7500.250000	0.001415
7750.225000	0.001658
8000.200000	0.001384
8250.175000	-0.000483
8500.150000	0.000977
8750.125000	0.000345
9000.100000	0.000988
9250.075000	0.000381
9500.050000	0.000090
9750.025000	0.001205
10000.000000	0.000248

