Top Metal Voltage (mV):	-1000.000000
Dot Voltage (mV)	Dot Voltage (meV/e)	ST Voltage (meV/e)
-1000.000000	29.341181	-35.971517
-750.000000	-79.195436	85.465564
-500.000000	-191.705685	203.764595
-250.000000	-293.674153	323.735436
0.000000	-405.788078	440.241113
250.000000	-520.542224	559.110294
500.000000	-624.488522	692.803487
750.000000	-730.236076	807.215632
1000.000000	-837.785919	943.359494
1250.000000	-967.812639	1039.678884
1500.000000	-1050.393224	1167.733439
1750.000000	-1193.118574	1303.899975
2000.000000	-1272.563303	1392.177506
2250.000000	-1396.277538	1522.556111
2500.000000	-1530.125902	1629.461930

Top Metal Voltage (mV):	-750.000000
Dot Voltage (mV)	Dot Voltage (meV/e)	ST Voltage (meV/e)
-1000.000000	136.649674	-155.638758
-750.000000	29.515849	-36.149383
-500.000000	-79.342167	81.984243
-250.000000	-195.445987	201.973139
0.000000	-298.409901	326.484482
250.000000	-421.473049	441.186411
500.000000	-509.975562	558.309951
750.000000	-612.858281	667.108065
1000.000000	-735.217558	809.054833
1250.000000	-854.399460	910.149613
1500.000000	-951.166884	1041.712632
1750.000000	-1066.853596	1162.954107
2000.000000	-1200.305966	1273.145121
2250.000000	-1313.168462	1372.487294
2500.000000	-1409.848508	1509.773152

Top Metal Voltage (mV):	-500.000000
Dot Voltage (mV)	Dot Voltage (meV/e)	ST Voltage (meV/e)
-1000.000000	251.377009	-276.644333
-750.000000	138.754667	-157.059701
-500.000000	29.357475	-36.023003
-250.000000	-79.842644	82.074284
0.000000	-185.172025	202.839663
250.000000	-294.346698	323.075522
500.000000	-407.584176	436.127129
750.000000	-503.212636	554.102054
1000.000000	-641.959026	685.069375
1250.000000	-752.842489	787.955087
1500.000000	-852.804254	922.134788
1750.000000	-952.293730	1034.709262
2000.000000	-1083.508271	1162.618915
2250.000000	-1192.983946	1313.608613
2500.000000	-1285.808728	1412.049126

Top Metal Voltage (mV):	-250.000000
Dot Voltage (mV)	Dot Voltage (meV/e)	ST Voltage (meV/e)
-1000.000000	353.656057	-398.030227
-750.000000	249.128089	-267.440564
-500.000000	138.029233	-154.754356
-250.000000	29.301153	-35.981551
0.000000	-81.786188	83.407156
250.000000	-193.009185	206.012934
500.000000	-297.709333	324.747381
750.000000	-410.046978	446.216294
1000.000000	-520.143204	558.227026
1250.000000	-614.826678	683.770236
1500.000000	-743.066693	785.224392
1750.000000	-827.743318	901.721267
2000.000000	-940.634301	1026.080308
2250.000000	-1056.826604	1156.452411
2500.000000	-1166.137742	1308.484172

Top Metal Voltage (mV):	0.000000
Dot Voltage (mV)	Dot Voltage (meV/e)	ST Voltage (meV/e)
-1000.000000	472.558467	-515.321161
-750.000000	359.908525	-396.486999
-500.000000	248.047355	-277.141853
-250.000000	137.266363	-157.832140
0.000000	29.372418	-36.047715
250.000000	-82.176784	83.055301
500.000000	-192.578405	205.065056
750.000000	-299.218219	323.660679
1000.000000	-404.814999	440.057415
1250.000000	-510.075479	556.676731
1500.000000	-638.894226	701.051596
1750.000000	-734.031022	788.285592
2000.000000	-842.274283	914.660360
2250.000000	-951.725231	1050.164657
2500.000000	-1058.905108	1144.030337

Top Metal Voltage (mV):	250.000000
Dot Voltage (mV)	Dot Voltage (meV/e)	ST Voltage (meV/e)
-1000.000000	582.768538	-629.971956
-750.000000	458.146642	-517.897219
-500.000000	356.516146	-395.258171
-250.000000	252.408000	-274.915983
0.000000	137.753482	-153.859118
250.000000	29.224761	-35.929725
500.000000	-80.940333	85.096041
750.000000	-189.271315	207.055224
1000.000000	-298.369273	324.024172
1250.000000	-404.705131	440.741443
1500.000000	-516.785139	566.367240
1750.000000	-629.665584	685.666371
2000.000000	-734.924109	797.247413
2250.000000	-834.254787	931.822945
2500.000000	-964.757954	1041.141707

Top Metal Voltage (mV):	500.000000
Dot Voltage (mV)	Dot Voltage (meV/e)	ST Voltage (meV/e)
-1000.000000	687.784067	-770.473004
-750.000000	577.550000	-629.122515
-500.000000	457.655129	-523.493687
-250.000000	356.892107	-393.301983
0.000000	247.449969	-276.842966
250.000000	137.536070	-155.228141
500.000000	29.115045	-35.755862
750.000000	-78.291471	83.271375
1000.000000	-185.237381	199.899393
1250.000000	-291.053161	321.246413
1500.000000	-409.872742	439.529777
1750.000000	-516.138449	565.474118
2000.000000	-625.645134	691.258328
2250.000000	-730.356239	810.538141
2500.000000	-861.406513	943.526848

Top Metal Voltage (mV):	750.000000
Dot Voltage (mV)	Dot Voltage (meV/e)	ST Voltage (meV/e)
-1000.000000	795.456917	-877.729574
-750.000000	690.245461	-756.359241
-500.000000	581.051579	-637.433533
-250.000000	463.019458	-509.394688
0.000000	352.087751	-395.390382
250.000000	245.800827	-273.080495
500.000000	137.374337	-156.823635
750.000000	29.292274	-35.914396
1000.000000	-79.801949	82.738255
1250.000000	-189.078376	199.146485
1500.000000	-295.350703	317.319934
1750.000000	-406.862178	441.793814
2000.000000	-514.211714	558.939889
2250.000000	-620.160565	665.096791
2500.000000	-720.937036	801.951414

Top Metal Voltage (mV):	1000.000000
Dot Voltage (mV)	Dot Voltage (meV/e)	ST Voltage (meV/e)
-1000.000000	904.189125	-982.375970
-750.000000	794.684939	-888.822560
-500.000000	684.998165	-764.922021
-250.000000	570.498215	-623.161668
0.000000	463.668337	-514.529856
250.000000	354.544784	-399.416733
500.000000	252.103986	-276.797257
750.000000	136.099837	-156.158100
1000.000000	29.240093	-35.925123
1250.000000	-79.876670	84.027302
1500.000000	-183.633212	200.593630
1750.000000	-299.160306	325.876682
2000.000000	-404.124257	435.966367
2250.000000	-515.827314	567.792651
2500.000000	-636.446889	684.956324

Top Metal Voltage (mV):	1250.000000
Dot Voltage (mV)	Dot Voltage (meV/e)	ST Voltage (meV/e)
-1000.000000	995.189856	-1118.132783
-750.000000	889.604200	-981.063504
-500.000000	790.450124	-876.045568
-250.000000	669.944631	-746.601788
0.000000	566.883696	-630.737990
250.000000	462.053619	-514.669174
500.000000	363.638912	-403.422905
750.000000	248.152276	-274.108687
1000.000000	135.633119	-155.906161
1250.000000	29.340748	-35.975138
1500.000000	-81.407150	85.016698
1750.000000	-191.217587	205.983387
2000.000000	-297.946802	327.914443
2250.000000	-408.869555	442.965748
2500.000000	-511.815023	558.173533

Top Metal Voltage (mV):	1500.000000
Dot Voltage (mV)	Dot Voltage (meV/e)	ST Voltage (meV/e)
-1000.000000	1135.088480	-1222.478342
-750.000000	1005.833471	-1137.540683
-500.000000	889.820935	-993.598731
-250.000000	795.024133	-858.868727
0.000000	691.798640	-752.503282
250.000000	569.079239	-635.046862
500.000000	466.344690	-508.177167
750.000000	358.847272	-393.062139
1000.000000	249.080427	-270.904693
1250.000000	139.805727	-157.037936
1500.000000	29.080835	-35.704994
1750.000000	-80.750378	83.252832
2000.000000	-188.244315	206.608340
2250.000000	-302.953928	323.524744
2500.000000	-411.189510	440.028050

Top Metal Voltage (mV):	1750.000000
Dot Voltage (mV)	Dot Voltage (meV/e)	ST Voltage (meV/e)
-1000.000000	1234.203351	-1354.703871
-750.000000	1115.967893	-1216.411734
-500.000000	1003.514102	-1112.751706
-250.000000	906.033711	-989.104237
0.000000	809.251293	-862.141149
250.000000	689.789546	-762.117468
500.000000	574.020352	-628.551931
750.000000	471.315507	-508.805862
1000.000000	362.528895	-399.649070
1250.000000	247.195885	-273.085210
1500.000000	138.486213	-154.168169
1750.000000	29.361051	-36.042696
2000.000000	-80.303614	84.430493
2250.000000	-188.971884	203.964958
2500.000000	-290.218703	331.538538

Top Metal Voltage (mV):	2000.000000
Dot Voltage (mV)	Dot Voltage (meV/e)	ST Voltage (meV/e)
-1000.000000	1354.920682	-1466.635028
-750.000000	1225.568355	-1356.809212
-500.000000	1128.455376	-1213.876291
-250.000000	1019.760970	-1114.652384
0.000000	911.799061	-1017.464658
250.000000	798.552726	-875.009429
500.000000	688.891011	-757.839404
750.000000	591.797807	-641.210401
1000.000000	464.329134	-518.676086
1250.000000	360.322703	-392.695164
1500.000000	247.137636	-277.450320
1750.000000	140.288443	-155.787291
2000.000000	29.532392	-36.152578
2250.000000	-80.699959	82.357394
2500.000000	-189.575378	201.012457

Top Metal Voltage (mV):	2250.000000
Dot Voltage (mV)	Dot Voltage (meV/e)	ST Voltage (meV/e)
-1000.000000	1410.335271	-1609.054374
-750.000000	1344.131748	-1470.513912
-500.000000	1205.999790	-1364.427132
-250.000000	1126.845034	-1224.020479
0.000000	1003.162393	-1118.715597
250.000000	921.755515	-991.004566
500.000000	790.471615	-869.789956
750.000000	681.694516	-753.180141
1000.000000	566.369371	-636.782337
1250.000000	469.840212	-519.641015
1500.000000	355.085808	-386.623060
1750.000000	250.310260	-275.737186
2000.000000	139.629504	-156.546446
2250.000000	29.442615	-36.073204
2500.000000	-79.159989	82.140856

Top Metal Voltage (mV):	2500.000000
Dot Voltage (mV)	Dot Voltage (meV/e)	ST Voltage (meV/e)
-1000.000000	1561.530316	-1697.386621
-750.000000	1430.131610	-1548.599585
-500.000000	1329.219898	-1487.638533
-250.000000	1273.621893	-1351.000279
0.000000	1135.427102	-1230.122036
250.000000	1002.361648	-1099.943178
500.000000	905.943358	-987.854279
750.000000	802.208618	-892.701106
1000.000000	690.293746	-764.622958
1250.000000	564.121608	-633.786393
1500.000000	467.270030	-523.447674
1750.000000	355.221007	-396.757201
2000.000000	252.071893	-276.086518
2250.000000	138.525661	-155.708701
2500.000000	29.537697	-36.188931

