Height (nm):	200.000000
Position (nm)	Voltage (mV)
-12750.000000	1.800135
-12724.500000	1.799002
-12699.000000	1.791642
-12673.500000	1.800250
-12648.000000	1.803073
-12622.500000	1.800601
-12597.000000	1.805483
-12571.500000	1.806404
-12546.000000	1.797921
-12520.500000	1.796704
-12495.000000	1.799243
-12469.500000	1.804751
-12444.000000	1.802396
-12418.500000	1.801471
-12393.000000	1.797668
-12367.500000	1.801428
-12342.000000	1.792151
-12316.500000	1.799044
-12291.000000	1.795110
-12265.500000	1.803309
-12240.000000	1.788247
-12214.500000	1.800617
-12189.000000	1.796718
-12163.500000	1.795497
-12138.000000	1.805772
-12112.500000	1.804262
-12087.000000	1.814397
-12061.500000	1.796242
-12036.000000	1.798293
-12010.500000	1.799952
-11985.000000	1.801956
-11959.500000	1.800962
-11934.000000	1.799245
-11908.500000	1.803105
-11883.000000	1.804084
-11857.500000	1.806617
-11832.000000	1.798068
-11806.500000	1.801963
-11781.000000	1.812785
-11755.500000	1.803197
-11730.000000	1.799492
-11704.500000	1.806184
-11679.000000	1.794683
-11653.500000	1.793187
-11628.000000	1.804572
-11602.500000	1.799703
-11577.000000	1.797558
-11551.500000	1.802054
-11526.000000	1.810513
-11500.500000	1.794758
-11475.000000	1.802940
-11449.500000	1.802422
-11424.000000	1.797906
-11398.500000	1.800804
-11373.000000	1.805850
-11347.500000	1.800003
-11322.000000	1.798397
-11296.500000	1.796558
-11271.000000	1.802850
-11245.500000	1.807062
-11220.000000	1.799128
-11194.500000	1.798376
-11169.000000	1.801588
-11143.500000	1.794775
-11118.000000	1.799888
-11092.500000	1.798814
-11067.000000	1.793416
-11041.500000	1.816068
-11016.000000	1.804917
-10990.500000	1.809013
-10965.000000	1.800153
-10939.500000	1.795057
-10914.000000	1.801233
-10888.500000	1.787856
-10863.000000	1.801435
-10837.500000	1.796237
-10812.000000	1.803730
-10786.500000	1.805967
-10761.000000	1.794536
-10735.500000	1.794196
-10710.000000	1.801149
-10684.500000	1.795266
-10659.000000	1.800118
-10633.500000	1.796260
-10608.000000	1.796741
-10582.500000	1.801416
-10557.000000	1.791242
-10531.500000	1.801689
-10506.000000	1.798315
-10480.500000	1.792578
-10455.000000	1.795268
-10429.500000	1.783844
-10404.000000	1.805082
-10378.500000	1.794522
-10353.000000	1.803376
-10327.500000	1.797063
-10302.000000	1.798060
-10276.500000	1.798730
-10251.000000	1.794931
-10225.500000	1.791521
-10200.000000	1.796246
-10174.500000	1.802945
-10149.000000	1.805744
-10123.500000	1.798574
-10098.000000	1.796591
-10072.500000	1.801684
-10047.000000	1.809443
-10021.500000	1.789581
-9996.000000	1.806704
-9970.500000	1.805721
-9945.000000	1.803730
-9919.500000	1.795197
-9894.000000	1.807029
-9868.500000	1.798452
-9843.000000	1.809351
-9817.500000	1.803384
-9792.000000	1.806986
-9766.500000	1.802339
-9741.000000	1.803627
-9715.500000	1.788633
-9690.000000	1.794532
-9664.500000	1.808384
-9639.000000	1.791260
-9613.500000	1.791907
-9588.000000	1.806763
-9562.500000	1.792573
-9537.000000	1.801349
-9511.500000	1.805587
-9486.000000	1.799347
-9460.500000	1.810667
-9435.000000	1.811481
-9409.500000	1.789068
-9384.000000	1.796679
-9358.500000	1.795696
-9333.000000	1.791871
-9307.500000	1.802815
-9282.000000	1.798842
-9256.500000	1.804809
-9231.000000	1.803371
-9205.500000	1.794064
-9180.000000	1.806906
-9154.500000	1.803968
-9129.000000	1.788306
-9103.500000	1.801362
-9078.000000	1.801300
-9052.500000	1.804196
-9027.000000	1.790152
-9001.500000	1.795005
-8976.000000	1.804503
-8950.500000	1.785824
-8925.000000	1.811791
-8899.500000	1.809689
-8874.000000	1.797486
-8848.500000	1.797516
-8823.000000	1.796960
-8797.500000	1.797481
-8772.000000	1.795031
-8746.500000	1.802060
-8721.000000	1.791585
-8695.500000	1.798036
-8670.000000	1.800624
-8644.500000	1.804330
-8619.000000	1.792619
-8593.500000	1.786840
-8568.000000	1.794471
-8542.500000	1.802059
-8517.000000	1.798714
-8491.500000	1.790860
-8466.000000	1.813477
-8440.500000	1.804542
-8415.000000	1.803808
-8389.500000	1.800176
-8364.000000	1.797321
-8338.500000	1.803856
-8313.000000	1.798570
-8287.500000	1.804896
-8262.000000	1.794428
-8236.500000	1.800385
-8211.000000	1.799627
-8185.500000	1.808208
-8160.000000	1.805161
-8134.500000	1.805644
-8109.000000	1.802050
-8083.500000	1.802079
-8058.000000	1.790642
-8032.500000	1.790902
-8007.000000	1.803365
-7981.500000	1.810607
-7956.000000	1.791815
-7930.500000	1.794118
-7905.000000	1.801195
-7879.500000	1.807430
-7854.000000	1.788326
-7828.500000	1.796507
-7803.000000	1.800265
-7777.500000	1.795906
-7752.000000	1.805543
-7726.500000	1.800500
-7701.000000	1.794315
-7675.500000	1.800784
-7650.000000	1.796712
-7624.500000	1.802799
-7599.000000	1.798061
-7573.500000	1.809336
-7548.000000	1.789536
-7522.500000	1.802685
-7497.000000	1.798162
-7471.500000	1.803494
-7446.000000	1.792784
-7420.500000	1.804862
-7395.000000	1.810565
-7369.500000	1.797443
-7344.000000	1.801679
-7318.500000	1.797735
-7293.000000	1.796510
-7267.500000	1.797524
-7242.000000	1.794320
-7216.500000	1.814434
-7191.000000	1.791614
-7165.500000	1.799764
-7140.000000	1.794732
-7114.500000	1.809644
-7089.000000	1.796870
-7063.500000	1.804782
-7038.000000	1.795942
-7012.500000	1.802984
-6987.000000	1.794118
-6961.500000	1.800186
-6936.000000	1.797967
-6910.500000	1.795921
-6885.000000	1.797358
-6859.500000	1.799701
-6834.000000	1.789652
-6808.500000	1.809232
-6783.000000	1.799917
-6757.500000	1.795266
-6732.000000	1.797256
-6706.500000	1.796539
-6681.000000	1.803760
-6655.500000	1.808114
-6630.000000	1.787818
-6604.500000	1.805744
-6579.000000	1.796820
-6553.500000	1.790739
-6528.000000	1.797835
-6502.500000	1.802394
-6477.000000	1.804743
-6451.500000	1.792947
-6426.000000	1.803177
-6400.500000	1.808747
-6375.000000	1.801525
-6349.500000	1.800519
-6324.000000	1.802907
-6298.500000	1.802897
-6273.000000	1.813556
-6247.500000	1.803341
-6222.000000	1.800456
-6196.500000	1.806523
-6171.000000	1.811525
-6145.500000	1.798120
-6120.000000	1.800210
-6094.500000	1.795957
-6069.000000	1.799349
-6043.500000	1.814926
-6018.000000	1.810094
-5992.500000	1.803994
-5967.000000	1.800850
-5941.500000	1.796157
-5916.000000	1.807462
-5890.500000	1.797744
-5865.000000	1.798689
-5839.500000	1.805085
-5814.000000	1.790825
-5788.500000	1.795939
-5763.000000	1.804409
-5737.500000	1.802174
-5712.000000	1.804617
-5686.500000	1.788611
-5661.000000	1.804604
-5635.500000	1.803148
-5610.000000	1.799752
-5584.500000	1.801245
-5559.000000	1.793913
-5533.500000	1.810564
-5508.000000	1.811389
-5482.500000	1.800622
-5457.000000	1.802365
-5431.500000	1.798011
-5406.000000	1.801792
-5380.500000	1.801599
-5355.000000	1.809609
-5329.500000	1.792008
-5304.000000	1.796265
-5278.500000	1.802462
-5253.000000	1.798174
-5227.500000	1.810700
-5202.000000	1.805998
-5176.500000	1.805425
-5151.000000	1.799659
-5125.500000	1.799679
-5100.000000	1.799182
-5074.500000	1.807386
-5049.000000	1.795610
-5023.500000	1.790769
-4998.000000	1.799450
-4972.500000	1.803797
-4947.000000	1.796865
-4921.500000	1.796588
-4896.000000	1.804146
-4870.500000	1.802470
-4845.000000	1.805150
-4819.500000	1.795480
-4794.000000	1.802325
-4768.500000	1.790294
-4743.000000	1.805821
-4717.500000	1.789477
-4692.000000	1.791590
-4666.500000	1.804274
-4641.000000	1.791767
-4615.500000	1.798080
-4590.000000	1.794237
-4564.500000	1.790345
-4539.000000	1.791366
-4513.500000	1.781543
-4488.000000	1.789606
-4462.500000	1.786950
-4437.000000	1.767371
-4411.500000	1.775866
-4386.000000	1.772454
-4360.500000	1.743988
-4335.000000	1.725992
-4309.500000	1.710258
-4284.000000	1.675568
-4258.500000	1.639834
-4233.000000	1.598683
-4207.500000	1.554966
-4182.000000	1.491325
-4156.500000	1.454943
-4131.000000	1.402210
-4105.500000	1.362784
-4080.000000	1.327762
-4054.500000	1.303790
-4029.000000	1.278600
-4003.500000	1.260305
-3978.000000	1.245649
-3952.500000	1.231968
-3927.000000	1.219662
-3901.500000	1.219401
-3876.000000	1.215556
-3850.500000	1.213057
-3825.000000	1.213530
-3799.500000	1.207260
-3774.000000	1.207359
-3748.500000	1.207067
-3723.000000	1.204653
-3697.500000	1.211518
-3672.000000	1.206941
-3646.500000	1.211383
-3621.000000	1.212012
-3595.500000	1.207866
-3570.000000	1.215378
-3544.500000	1.216469
-3519.000000	1.214697
-3493.500000	1.207036
-3468.000000	1.207353
-3442.500000	1.215625
-3417.000000	1.213593
-3391.500000	1.212130
-3366.000000	1.210096
-3340.500000	1.211981
-3315.000000	1.202301
-3289.500000	1.205362
-3264.000000	1.203894
-3238.500000	1.204957
-3213.000000	1.201217
-3187.500000	1.196300
-3162.000000	1.196302
-3136.500000	1.191697
-3111.000000	1.194200
-3085.500000	1.189103
-3060.000000	1.190871
-3034.500000	1.183842
-3009.000000	1.187046
-2983.500000	1.190787
-2958.000000	1.189511
-2932.500000	1.191124
-2907.000000	1.192963
-2881.500000	1.190717
-2856.000000	1.195027
-2830.500000	1.195158
-2805.000000	1.199893
-2779.500000	1.197704
-2754.000000	1.206284
-2728.500000	1.199222
-2703.000000	1.204917
-2677.500000	1.203391
-2652.000000	1.204216
-2626.500000	1.205750
-2601.000000	1.208855
-2575.500000	1.214082
-2550.000000	1.215389
-2524.500000	1.215409
-2499.000000	1.213448
-2473.500000	1.207795
-2448.000000	1.211710
-2422.500000	1.206477
-2397.000000	1.212832
-2371.500000	1.209318
-2346.000000	1.206723
-2320.500000	1.199655
-2295.000000	1.205505
-2269.500000	1.205362
-2244.000000	1.198425
-2218.500000	1.198159
-2193.000000	1.193894
-2167.500000	1.200525
-2142.000000	1.190664
-2116.500000	1.194070
-2091.000000	1.189047
-2065.500000	1.190670
-2040.000000	1.186650
-2014.500000	1.191043
-1989.000000	1.185644
-1963.500000	1.185515
-1938.000000	1.192521
-1912.500000	1.188705
-1887.000000	1.191102
-1861.500000	1.190326
-1836.000000	1.194726
-1810.500000	1.199482
-1785.000000	1.198857
-1759.500000	1.198740
-1734.000000	1.203718
-1708.500000	1.204351
-1683.000000	1.210872
-1657.500000	1.208482
-1632.000000	1.202403
-1606.500000	1.207544
-1581.000000	1.207628
-1555.500000	1.210413
-1530.000000	1.211960
-1504.500000	1.209248
-1479.000000	1.216918
-1453.500000	1.216317
-1428.000000	1.203857
-1402.500000	1.210036
-1377.000000	1.201656
-1351.500000	1.204136
-1326.000000	1.206291
-1300.500000	1.207429
-1275.000000	1.200704
-1249.500000	1.202149
-1224.000000	1.203707
-1198.500000	1.190961
-1173.000000	1.196512
-1147.500000	1.194641
-1122.000000	1.195248
-1096.500000	1.182537
-1071.000000	1.190305
-1045.500000	1.187672
-1020.000000	1.191154
-994.500000	1.187053
-969.000000	1.186704
-943.500000	1.192192
-918.000000	1.185746
-892.500000	1.188041
-867.000000	1.191300
-841.500000	1.194288
-816.000000	1.193411
-790.500000	1.196315
-765.000000	1.204601
-739.500000	1.205465
-714.000000	1.204694
-688.500000	1.200488
-663.000000	1.207234
-637.500000	1.202083
-612.000000	1.211395
-586.500000	1.213051
-561.000000	1.212916
-535.500000	1.210346
-510.000000	1.213623
-484.500000	1.208559
-459.000000	1.208865
-433.500000	1.211939
-408.000000	1.207295
-382.500000	1.200860
-357.000000	1.211233
-331.500000	1.205512
-306.000000	1.195598
-280.500000	1.200311
-255.000000	1.204814
-229.500000	1.193938
-204.000000	1.200802
-178.500000	1.196226
-153.000000	1.193800
-127.500000	1.188289
-102.000000	1.186274
-76.500000	1.190092
-51.000000	1.185763
-25.500000	1.191500
0.000000	1.187914
25.500000	1.191897
51.000000	1.188394
76.500000	1.186658
102.000000	1.192696
127.500000	1.187261
153.000000	1.190982
178.500000	1.191194
204.000000	1.200319
229.500000	1.197439
255.000000	1.199074
280.500000	1.201600
306.000000	1.204501
331.500000	1.210715
357.000000	1.203068
382.500000	1.201956
408.000000	1.205793
433.500000	1.207602
459.000000	1.214380
484.500000	1.218069
510.000000	1.207462
535.500000	1.208293
561.000000	1.210205
586.500000	1.208175
612.000000	1.213016
637.500000	1.201149
663.000000	1.214555
688.500000	1.205146
714.000000	1.205063
739.500000	1.206485
765.000000	1.198267
790.500000	1.197967
816.000000	1.197753
841.500000	1.199966
867.000000	1.190794
892.500000	1.195993
918.000000	1.188170
943.500000	1.192073
969.000000	1.189805
994.500000	1.184493
1020.000000	1.188286
1045.500000	1.179154
1071.000000	1.187746
1096.500000	1.192930
1122.000000	1.188758
1147.500000	1.191023
1173.000000	1.197645
1198.500000	1.196050
1224.000000	1.195442
1249.500000	1.202199
1275.000000	1.196206
1300.500000	1.209230
1326.000000	1.207595
1351.500000	1.201610
1377.000000	1.209399
1402.500000	1.214507
1428.000000	1.206530
1453.500000	1.206173
1479.000000	1.213168
1504.500000	1.205138
1530.000000	1.209830
1555.500000	1.215070
1581.000000	1.210790
1606.500000	1.211161
1632.000000	1.204107
1657.500000	1.207413
1683.000000	1.204017
1708.500000	1.207793
1734.000000	1.205152
1759.500000	1.207259
1785.000000	1.196052
1810.500000	1.198760
1836.000000	1.190622
1861.500000	1.198207
1887.000000	1.187732
1912.500000	1.185848
1938.000000	1.183257
1963.500000	1.187316
1989.000000	1.186658
2014.500000	1.186748
2040.000000	1.186820
2065.500000	1.183571
2091.000000	1.186869
2116.500000	1.197416
2142.000000	1.195019
2167.500000	1.199222
2193.000000	1.194031
2218.500000	1.202275
2244.000000	1.201226
2269.500000	1.200369
2295.000000	1.210348
2320.500000	1.205625
2346.000000	1.202338
2371.500000	1.206077
2397.000000	1.209471
2422.500000	1.212977
2448.000000	1.208860
2473.500000	1.217959
2499.000000	1.219767
2524.500000	1.206915
2550.000000	1.209008
2575.500000	1.209543
2601.000000	1.212353
2626.500000	1.205988
2652.000000	1.208955
2677.500000	1.209191
2703.000000	1.204322
2728.500000	1.201556
2754.000000	1.199824
2779.500000	1.198526
2805.000000	1.197094
2830.500000	1.197186
2856.000000	1.191944
2881.500000	1.191788
2907.000000	1.188563
2932.500000	1.183033
2958.000000	1.184100
2983.500000	1.189566
3009.000000	1.187442
3034.500000	1.190647
3060.000000	1.188656
3085.500000	1.187340
3111.000000	1.191050
3136.500000	1.189380
3162.000000	1.196363
3187.500000	1.192358
3213.000000	1.199591
3238.500000	1.204839
3264.000000	1.204301
3289.500000	1.204383
3315.000000	1.210935
3340.500000	1.201184
3366.000000	1.209090
3391.500000	1.209771
3417.000000	1.205399
3442.500000	1.215080
3468.000000	1.215006
3493.500000	1.202947
3519.000000	1.211945
3544.500000	1.215076
3570.000000	1.207746
3595.500000	1.211242
3621.000000	1.211957
3646.500000	1.215302
3672.000000	1.205963
3697.500000	1.211651
3723.000000	1.213252
3748.500000	1.203716
3774.000000	1.207175
3799.500000	1.211171
3825.000000	1.210845
3850.500000	1.211037
3876.000000	1.212433
3901.500000	1.214964
3927.000000	1.223694
3952.500000	1.230085
3978.000000	1.243386
4003.500000	1.253710
4029.000000	1.274703
4054.500000	1.299557
4080.000000	1.333491
4105.500000	1.368931
4131.000000	1.406703
4156.500000	1.457039
4182.000000	1.497743
4207.500000	1.543357
4233.000000	1.590329
4258.500000	1.638173
4284.000000	1.677770
4309.500000	1.710744
4335.000000	1.721965
4360.500000	1.754418
4386.000000	1.756106
4411.500000	1.783827
4437.000000	1.784187
4462.500000	1.785757
4488.000000	1.784474
4513.500000	1.790550
4539.000000	1.801672
4564.500000	1.803987
4590.000000	1.805069
4615.500000	1.801364
4641.000000	1.801926
4666.500000	1.798318
4692.000000	1.802908
4717.500000	1.808145
4743.000000	1.800173
4768.500000	1.791413
4794.000000	1.802203
4819.500000	1.795502
4845.000000	1.797337
4870.500000	1.797833
4896.000000	1.793084
4921.500000	1.797071
4947.000000	1.803768
4972.500000	1.807005
4998.000000	1.806578
5023.500000	1.795678
5049.000000	1.808136
5074.500000	1.799674
5100.000000	1.801378
5125.500000	1.799576
5151.000000	1.809056
5176.500000	1.799118
5202.000000	1.799781
5227.500000	1.796867
5253.000000	1.786979
5278.500000	1.794278
5304.000000	1.799613
5329.500000	1.807225
5355.000000	1.795024
5380.500000	1.802174
5406.000000	1.803084
5431.500000	1.790993
5457.000000	1.805804
5482.500000	1.796914
5508.000000	1.806639
5533.500000	1.798189
5559.000000	1.793210
5584.500000	1.791122
5610.000000	1.799147
5635.500000	1.801540
5661.000000	1.795576
5686.500000	1.799903
5712.000000	1.805434
5737.500000	1.800647
5763.000000	1.803045
5788.500000	1.797570
5814.000000	1.797113
5839.500000	1.797595
5865.000000	1.792746
5890.500000	1.796814
5916.000000	1.799517
5941.500000	1.806890
5967.000000	1.796564
5992.500000	1.801245
6018.000000	1.798590
6043.500000	1.798550
6069.000000	1.800214
6094.500000	1.794120
6120.000000	1.795693
6145.500000	1.798459
6171.000000	1.789788
6196.500000	1.797129
6222.000000	1.799680
6247.500000	1.801048
6273.000000	1.803679
6298.500000	1.799637
6324.000000	1.795148
6349.500000	1.796530
6375.000000	1.802685
6400.500000	1.790536
6426.000000	1.803492
6451.500000	1.800418
6477.000000	1.797532
6502.500000	1.799116
6528.000000	1.795754
6553.500000	1.802061
6579.000000	1.792258
6604.500000	1.791026
6630.000000	1.798429
6655.500000	1.791429
6681.000000	1.799416
6706.500000	1.797224
6732.000000	1.799915
6757.500000	1.797111
6783.000000	1.799622
6808.500000	1.808427
6834.000000	1.797919
6859.500000	1.800864
6885.000000	1.792664
6910.500000	1.802551
6936.000000	1.805385
6961.500000	1.802352
6987.000000	1.792977
7012.500000	1.806654
7038.000000	1.804340
7063.500000	1.800995
7089.000000	1.796515
7114.500000	1.789380
7140.000000	1.790798
7165.500000	1.796101
7191.000000	1.795689
7216.500000	1.802963
7242.000000	1.802179
7267.500000	1.802704
7293.000000	1.803930
7318.500000	1.807383
7344.000000	1.804652
7369.500000	1.788562
7395.000000	1.804528
7420.500000	1.799946
7446.000000	1.808509
7471.500000	1.792544
7497.000000	1.794047
7522.500000	1.799485
7548.000000	1.790062
7573.500000	1.796107
7599.000000	1.817721
7624.500000	1.802506
7650.000000	1.793387
7675.500000	1.806651
7701.000000	1.799181
7726.500000	1.786319
7752.000000	1.802284
7777.500000	1.804264
7803.000000	1.800759
7828.500000	1.793917
7854.000000	1.795910
7879.500000	1.795639
7905.000000	1.797090
7930.500000	1.792631
7956.000000	1.795190
7981.500000	1.790003
8007.000000	1.806399
8032.500000	1.798733
8058.000000	1.805413
8083.500000	1.804348
8109.000000	1.807130
8134.500000	1.807319
8160.000000	1.791135
8185.500000	1.800168
8211.000000	1.800137
8236.500000	1.794286
8262.000000	1.799379
8287.500000	1.813607
8313.000000	1.804204
8338.500000	1.795707
8364.000000	1.801342
8389.500000	1.788669
8415.000000	1.799045
8440.500000	1.809297
8466.000000	1.795437
8491.500000	1.804022
8517.000000	1.803937
8542.500000	1.801672
8568.000000	1.804809
8593.500000	1.800236
8619.000000	1.786679
8644.500000	1.797601
8670.000000	1.795213
8695.500000	1.808081
8721.000000	1.803923
8746.500000	1.800640
8772.000000	1.798665
8797.500000	1.803365
8823.000000	1.802222
8848.500000	1.803478
8874.000000	1.796385
8899.500000	1.813484
8925.000000	1.810942
8950.500000	1.803388
8976.000000	1.800722
9001.500000	1.803647
9027.000000	1.796631
9052.500000	1.801195
9078.000000	1.799481
9103.500000	1.799873
9129.000000	1.798045
9154.500000	1.793946
9180.000000	1.804148
9205.500000	1.797682
9231.000000	1.804496
9256.500000	1.784458
9282.000000	1.797994
9307.500000	1.804607
9333.000000	1.800005
9358.500000	1.793998
9384.000000	1.802681
9409.500000	1.797400
9435.000000	1.798139
9460.500000	1.797940
9486.000000	1.797361
9511.500000	1.791822
9537.000000	1.796038
9562.500000	1.796935
9588.000000	1.801323
9613.500000	1.798643
9639.000000	1.796747
9664.500000	1.805310
9690.000000	1.808740
9715.500000	1.797757
9741.000000	1.802622
9766.500000	1.806755
9792.000000	1.807691
9817.500000	1.801561
9843.000000	1.807705
9868.500000	1.804630
9894.000000	1.808167
9919.500000	1.798773
9945.000000	1.802614
9970.500000	1.795269
9996.000000	1.793158
10021.500000	1.811732
10047.000000	1.791275
10072.500000	1.804635
10098.000000	1.790952
10123.500000	1.800163
10149.000000	1.789309
10174.500000	1.797613
10200.000000	1.793095
10225.500000	1.809792
10251.000000	1.802514
10276.500000	1.809793
10302.000000	1.794055
10327.500000	1.800249
10353.000000	1.805456
10378.500000	1.795025
10404.000000	1.799446
10429.500000	1.786695
10455.000000	1.806422
10480.500000	1.800496
10506.000000	1.798811
10531.500000	1.793784
10557.000000	1.795642
10582.500000	1.798766
10608.000000	1.804492
10633.500000	1.792964
10659.000000	1.813897
10684.500000	1.806770
10710.000000	1.799321
10735.500000	1.797634
10761.000000	1.794120
10786.500000	1.799771
10812.000000	1.799512
10837.500000	1.800978
10863.000000	1.790309
10888.500000	1.800708
10914.000000	1.793141
10939.500000	1.807980
10965.000000	1.804224
10990.500000	1.805509
11016.000000	1.802089
11041.500000	1.787719
11067.000000	1.806187
11092.500000	1.803676
11118.000000	1.803133
11143.500000	1.798944
11169.000000	1.803057
11194.500000	1.802301
11220.000000	1.799420
11245.500000	1.798773
11271.000000	1.791808
11296.500000	1.796268
11322.000000	1.799207
11347.500000	1.789641
11373.000000	1.811366
11398.500000	1.788902
11424.000000	1.802781
11449.500000	1.806532
11475.000000	1.806403
11500.500000	1.804311
11526.000000	1.800741
11551.500000	1.798781
11577.000000	1.798256
11602.500000	1.810243
11628.000000	1.802609
11653.500000	1.795267
11679.000000	1.801624
11704.500000	1.808759
11730.000000	1.801295
11755.500000	1.801809
11781.000000	1.811871
11806.500000	1.809386
11832.000000	1.804745
11857.500000	1.798394
11883.000000	1.797057
11908.500000	1.793965
11934.000000	1.796624
11959.500000	1.804756
11985.000000	1.796431
12010.500000	1.806024
12036.000000	1.806254
12061.500000	1.795974
12087.000000	1.801122
12112.500000	1.804017
12138.000000	1.799351
12163.500000	1.802125
12189.000000	1.800199
12214.500000	1.809738
12240.000000	1.788870
12265.500000	1.798545
12291.000000	1.797674
12316.500000	1.799352
12342.000000	1.812759
12367.500000	1.802996
12393.000000	1.800164
12418.500000	1.788578
12444.000000	1.801524
12469.500000	1.801118
12495.000000	1.799480
12520.500000	1.799297
12546.000000	1.809421
12571.500000	1.810953
12597.000000	1.804650
12622.500000	1.798393
12648.000000	1.789592
12673.500000	1.798795
12699.000000	1.795967
12724.500000	1.803770
12750.000000	1.796352
