Height (nm):	10.000000
Position (nm)	Voltage (mV)
47500.000000	36.001769
47650.833333	36.023618
47801.666667	36.010728
47952.500000	35.988684
48103.333333	35.989270
48254.166667	36.014379
48405.000000	36.013016
48555.833333	36.014796
48706.666667	35.978390
48857.500000	36.049840
49008.333333	35.997047
49159.166667	36.023211
49310.000000	36.020286
49460.833333	36.026166
49611.666667	36.010899
49762.500000	36.016761
49913.333333	35.983904
50064.166667	4.481019
50215.000000	1.396272
50365.833333	0.824616
50516.666667	0.585707
50667.500000	0.454011
50818.333333	0.370600
50969.166667	0.313052
51120.000000	0.271125
51270.833333	0.238863
51421.666667	0.213823
51572.500000	0.193478
51723.333333	0.176362
51874.166667	0.162446
52025.000000	0.150442
52175.833333	0.140001
52326.666667	0.131234
52477.500000	0.123051
52628.333333	0.116158
52779.166667	0.109793
52930.000000	0.104303
53080.833333	0.099148
53231.666667	0.094588
53382.500000	0.090433
53533.333333	0.086521
53684.166667	0.083194
53835.000000	0.079992
53985.833333	0.076881
54136.666667	0.074216
54287.500000	0.071562
54438.333333	0.069244
54589.166667	0.066980
54740.000000	0.064879
54890.833333	0.062860
55041.666667	0.060948
55192.500000	0.059308
55343.333333	0.057624
55494.166667	0.056110
55645.000000	0.054693
55795.833333	0.053227
55946.666667	0.051988
56097.500000	0.050670
56248.333333	0.049525
56399.166667	0.048365
56550.000000	0.047319
56700.833333	0.046260
56851.666667	0.045254
57002.500000	0.044322
57153.333333	0.043428
57304.166667	0.042526
57455.000000	0.041766
57605.833333	0.040919
57756.666667	0.040120
57907.500000	0.039376
58058.333333	0.038647
58209.166667	0.037980
58360.000000	0.037349
58510.833333	0.036721
58661.666667	0.036128
58812.500000	0.035509
58963.333333	0.034917
59114.166667	0.034368
59265.000000	0.033854
59415.833333	0.033371
59566.666667	0.032854
59717.500000	0.032408
59868.333333	0.031888
60019.166667	0.031460
60170.000000	0.030991
60320.833333	0.030576
60471.666667	0.030150
60622.500000	0.029760
60773.333333	0.029360
60924.166667	0.028986
61075.000000	0.028625
61225.833333	0.028198
61376.666667	0.027914
61527.500000	0.027551
61678.333333	0.027208
61829.166667	0.026910
61980.000000	0.026601
62130.833333	0.026261
62281.666667	0.025958
62432.500000	0.025697
62583.333333	0.025368
62734.166667	0.025089
62885.000000	0.024839
63035.833333	0.024577
63186.666667	0.024308
63337.500000	0.024081
63488.333333	0.023778
63639.166667	0.023563
63790.000000	0.023339
63940.833333	0.023082
64091.666667	0.022912
64242.500000	0.022628
64393.333333	0.022414
64544.166667	0.022219
64695.000000	0.021996
64845.833333	0.021802
64996.666667	0.021594
65147.500000	0.021408
65298.333333	0.021217
65449.166667	0.021042
65600.000000	0.020863
65750.833333	0.020662
65901.666667	0.020500
66052.500000	0.020332
66203.333333	0.020172
66354.166667	0.020012
66505.000000	0.019817
66655.833333	0.019651
66806.666667	0.019501
66957.500000	0.019343
67108.333333	0.019181
67259.166667	0.019050
67410.000000	0.018879
67560.833333	0.018741
67711.666667	0.018597
67862.500000	0.018470
68013.333333	0.018326
68164.166667	0.018207
68315.000000	0.018075
68465.833333	0.017938
68616.666667	0.017809
68767.500000	0.017696
68918.333333	0.017553
69069.166667	0.017425
69220.000000	0.017325
69370.833333	0.017198
69521.666667	0.017086
69672.500000	0.016963
69823.333333	0.016857
69974.166667	0.016730
70125.000000	0.016638
70275.833333	0.016531
70426.666667	0.016415
70577.500000	0.016315
70728.333333	0.016211
70879.166667	0.016108
71030.000000	0.016020
71180.833333	0.015905
71331.666667	0.015814
71482.500000	0.015722
71633.333333	0.015619
71784.166667	0.015526
71935.000000	0.015431
72085.833333	0.015358
72236.666667	0.015272
72387.500000	0.015181
72538.333333	0.015082
72689.166667	0.015007
72840.000000	0.014926
72990.833333	0.014837
73141.666667	0.014745
73292.500000	0.014667
73443.333333	0.014589
73594.166667	0.014510
73745.000000	0.014432
73895.833333	0.014360
74046.666667	0.014285
74197.500000	0.014198
74348.333333	0.014130
74499.166667	0.014053
74650.000000	0.013990
74800.833333	0.013899
74951.666667	0.013829
75102.500000	0.013767
75253.333333	0.013714
75404.166667	0.013648
75555.000000	0.013566
75705.833333	0.013504
75856.666667	0.013445
76007.500000	0.013371
76158.333333	0.013315
76309.166667	0.013243
76460.000000	0.013179
76610.833333	0.013118
76761.666667	0.013059
76912.500000	0.013004
77063.333333	0.012945
77214.166667	0.012887
77365.000000	0.012822
77515.833333	0.012770
77666.666667	0.012704
77817.500000	0.012644
77968.333333	0.012596
78119.166667	0.012545
78270.000000	0.012492
78420.833333	0.012433
78571.666667	0.012374
78722.500000	0.012316
78873.333333	0.012269
79024.166667	0.012227
79175.000000	0.012169
79325.833333	0.012121
79476.666667	0.012076
79627.500000	0.012010
79778.333333	0.011969
79929.166667	0.011918
80080.000000	0.011866
80230.833333	0.011828
80381.666667	0.011783
80532.500000	0.011727
80683.333333	0.011684
80834.166667	0.011641
80985.000000	0.011589
81135.833333	0.011545
81286.666667	0.011495
81437.500000	0.011456
81588.333333	0.011405
81739.166667	0.011374
81890.000000	0.011312
82040.833333	0.011280
82191.666667	0.011242
82342.500000	0.011200
82493.333333	0.011159
82644.166667	0.011123
82795.000000	0.011076
82945.833333	0.011031
83096.666667	0.010995
83247.500000	0.010955
83398.333333	0.010911
83549.166667	0.010874
83700.000000	0.010835
83850.833333	0.010800
84001.666667	0.010767
84152.500000	0.010736
84303.333333	0.010685
84454.166667	0.010644
84605.000000	0.010616
84755.833333	0.010578
84906.666667	0.010542
85057.500000	0.010509
85208.333333	0.010472
85359.166667	0.010438
85510.000000	0.010401
85660.833333	0.010369
85811.666667	0.010331
85962.500000	0.010295
86113.333333	0.010264
86264.166667	0.010235
86415.000000	0.010200
86565.833333	0.010169
86716.666667	0.010139
86867.500000	0.010101
87018.333333	0.010074
87169.166667	0.010035
87320.000000	0.010005
87470.833333	0.009976
87621.666667	0.009942
87772.500000	0.009915
87923.333333	0.009880
88074.166667	0.009855
88225.000000	0.009829
88375.833333	0.009791
88526.666667	0.009759
88677.500000	0.009727
88828.333333	0.009714
88979.166667	0.009682
89130.000000	0.009647
89280.833333	0.009615
89431.666667	0.009587
89582.500000	0.009550
89733.333333	0.009536
89884.166667	0.009504
90035.000000	0.009475
90185.833333	0.009457
90336.666667	0.009433
90487.500000	0.009404
90638.333333	0.009373
90789.166667	0.009344
90940.000000	0.009319
91090.833333	0.009288
91241.666667	0.009263
91392.500000	0.009239
91543.333333	0.009220
91694.166667	0.009198
91845.000000	0.009165
91995.833333	0.009143
92146.666667	0.009118
92297.500000	0.009094
92448.333333	0.009056
92599.166667	0.009043
92750.000000	0.009015
92900.833333	0.008994
93051.666667	0.008970
93202.500000	0.008943
93353.333333	0.008922
93504.166667	0.008903
93655.000000	0.008873
93805.833333	0.008857
93956.666667	0.008833
94107.500000	0.008803
94258.333333	0.008782
94409.166667	0.008759
94560.000000	0.008742
94710.833333	0.008717
94861.666667	0.008694
95012.500000	0.008677
95163.333333	0.008650
95314.166667	0.008630
95465.000000	0.008603
95615.833333	0.008582
95766.666667	0.008569
95917.500000	0.008544
96068.333333	0.008524
96219.166667	0.008502
96370.000000	0.008482
96520.833333	0.008459
96671.666667	0.008442
96822.500000	0.008418
96973.333333	0.008402
97124.166667	0.008373
97275.000000	0.008360
97425.833333	0.008341
97576.666667	0.008321
97727.500000	0.008304
97878.333333	0.008277
98029.166667	0.008261
98180.000000	0.008253
98330.833333	0.008225
98481.666667	0.008209
98632.500000	0.008188
98783.333333	0.008170
98934.166667	0.008152
99085.000000	0.008133
99235.833333	0.008110
99386.666667	0.008097
99537.500000	0.008079
99688.333333	0.008059
99839.166667	0.008038
99990.000000	0.008021
100140.833333	0.008005
100291.666667	0.007987
100442.500000	0.007966
100593.333333	0.007949
100744.166667	0.007928
100895.000000	0.007915
101045.833333	0.007899
101196.666667	0.007879
101347.500000	0.007859
101498.333333	0.007846
101649.166667	0.007833
101800.000000	0.007812
101950.833333	0.007800
102101.666667	0.007777
102252.500000	0.007763
102403.333333	0.007744
102554.166667	0.007729
102705.000000	0.007711
102855.833333	0.007688
103006.666667	0.007681
103157.500000	0.007667
103308.333333	0.007649
103459.166667	0.007630
103610.000000	0.007619
103760.833333	0.007600
103911.666667	0.007583
104062.500000	0.007570
104213.333333	0.007554
104364.166667	0.007539
104515.000000	0.007528
104665.833333	0.007508
104816.666667	0.007498
104967.500000	0.007481
105118.333333	0.007466
105269.166667	0.007451
105420.000000	0.007438
105570.833333	0.007420
105721.666667	0.007402
105872.500000	0.007387
106023.333333	0.007375
106174.166667	0.007360
106325.000000	0.007343
106475.833333	0.007334
106626.666667	0.007319
106777.500000	0.007298
106928.333333	0.007289
107079.166667	0.007279
107230.000000	0.007263
107380.833333	0.007246
107531.666667	0.007231
107682.500000	0.007216
107833.333333	0.007209
107984.166667	0.007193
108135.000000	0.007183
108285.833333	0.007166
108436.666667	0.007154
108587.500000	0.007137
108738.333333	0.007125
108889.166667	0.007112
109040.000000	0.007101
109190.833333	0.007086
109341.666667	0.007069
109492.500000	0.007058
109643.333333	0.007049
109794.166667	0.007034
109945.000000	0.007020
110095.833333	0.007012
110246.666667	0.006995
110397.500000	0.006980
110548.333333	0.006969
110699.166667	0.006957
110850.000000	0.006948
111000.833333	0.006928
111151.666667	0.006919
111302.500000	0.006906
111453.333333	0.006897
111604.166667	0.006884
111755.000000	0.006871
111905.833333	0.006862
112056.666667	0.006845
112207.500000	0.006831
112358.333333	0.006820
112509.166667	0.006808
112660.000000	0.006798
112810.833333	0.006786
112961.666667	0.006774
113112.500000	0.006764
113263.333333	0.006753
113414.166667	0.006738
113565.000000	0.006729
113715.833333	0.006715
113866.666667	0.006704
114017.500000	0.006695
114168.333333	0.006679
114319.166667	0.006675
114470.000000	0.006661
114620.833333	0.006653
114771.666667	0.006638
114922.500000	0.006628
115073.333333	0.006614
115224.166667	0.006604
115375.000000	0.006594
115525.833333	0.006581
115676.666667	0.006569
115827.500000	0.006566
115978.333333	0.006546
116129.166667	0.006541
116280.000000	0.006528
116430.833333	0.006516
116581.666667	0.006506
116732.500000	0.006496
116883.333333	0.006486
117034.166667	0.006477
117185.000000	0.006463
117335.833333	0.006456
117486.666667	0.006442
117637.500000	0.006431
117788.333333	0.006423
117939.166667	0.006407
118090.000000	0.006400
118240.833333	0.006395
118391.666667	0.006381
118542.500000	0.006371
118693.333333	0.006360
118844.166667	0.006352
118995.000000	0.006335
119145.833333	0.006332
119296.666667	0.006322
119447.500000	0.006313
119598.333333	0.006303
119749.166667	0.006292
119900.000000	0.006281
120050.833333	0.006272
120201.666667	0.006261
120352.500000	0.006254
120503.333333	0.006244
120654.166667	0.006233
120805.000000	0.006225
120955.833333	0.006214
121106.666667	0.006210
121257.500000	0.006195
121408.333333	0.006188
121559.166667	0.006173
121710.000000	0.006169
121860.833333	0.006158
122011.666667	0.006151
122162.500000	0.006142
122313.333333	0.006129
122464.166667	0.006120
122615.000000	0.006110
122765.833333	0.006102
122916.666667	0.006096
123067.500000	0.006085
123218.333333	0.006076
123369.166667	0.006064
123520.000000	0.006061
123670.833333	0.006046
123821.666667	0.006039
123972.500000	0.006030
124123.333333	0.006023
124274.166667	0.006015
124425.000000	0.006005
124575.833333	0.005994
124726.666667	0.005989
124877.500000	0.005976
125028.333333	0.005971
125179.166667	0.005962
125330.000000	0.005953
125480.833333	0.005944
125631.666667	0.005934
125782.500000	0.005928
125933.333333	0.005920
126084.166667	0.005910
126235.000000	0.005905
126385.833333	0.005895
126536.666667	0.005887
126687.500000	0.005877
126838.333333	0.005868
126989.166667	0.005862
127140.000000	0.005853
127290.833333	0.005842
127441.666667	0.005837
127592.500000	0.005826
127743.333333	0.005820
127894.166667	0.005812
128045.000000	0.005802
128195.833333	0.005796
128346.666667	0.005787
128497.500000	0.005777
128648.333333	0.005768
128799.166667	0.005759
128950.000000	0.005752
129100.833333	0.005745
129251.666667	0.005740
129402.500000	0.005727
129553.333333	0.005725
129704.166667	0.005717
129855.000000	0.005708
130005.833333	0.005702
130156.666667	0.005693
130307.500000	0.005686
130458.333333	0.005679
130609.166667	0.005667
130760.000000	0.005665
130910.833333	0.005652
131061.666667	0.005648
131212.500000	0.005641
131363.333333	0.005629
131514.166667	0.005625
131665.000000	0.005618
131815.833333	0.005609
131966.666667	0.005601
132117.500000	0.005592
132268.333333	0.005585
132419.166667	0.005580
132570.000000	0.005576
132720.833333	0.005565
132871.666667	0.005558
133022.500000	0.005552
133173.333333	0.005542
133324.166667	0.005536
133475.000000	0.005530
133625.833333	0.005520
133776.666667	0.005517
133927.500000	0.005508
134078.333333	0.005499
134229.166667	0.005494
134380.000000	0.005486
134530.833333	0.005477
134681.666667	0.005471
134832.500000	0.005466
134983.333333	0.005457
135134.166667	0.005454
135285.000000	0.005444
135435.833333	0.005438
135586.666667	0.005432
135737.500000	0.005423
135888.333333	0.005415
136039.166667	0.005410
136190.000000	0.005404
136340.833333	0.005396
136491.666667	0.005393
136642.500000	0.005382
136793.333333	0.005376
136944.166667	0.005369
137095.000000	0.005360
137245.833333	0.005355
137396.666667	0.005350
137547.500000	0.005342
137698.333333	0.005337
137849.166667	0.005328
138000.000000	0.005321
138150.833333	0.005314
138301.666667	0.005310
138452.500000	0.005304
138603.333333	0.005297
138754.166667	0.005291
138905.000000	0.005285
139055.833333	0.005278
139206.666667	0.005273
139357.500000	0.005262
139508.333333	0.005258
139659.166667	0.005247
139810.000000	0.005248
139960.833333	0.005234
140111.666667	0.005230
140262.500000	0.005225
140413.333333	0.005219
140564.166667	0.005213
140715.000000	0.005204
140865.833333	0.005202
141016.666667	0.005194
141167.500000	0.005185
141318.333333	0.005179
141469.166667	0.005175
141620.000000	0.005170
141770.833333	0.005162
141921.666667	0.005157
142072.500000	0.005151
142223.333333	0.005143
142374.166667	0.005142
142525.000000	0.005131
142675.833333	0.005125
142826.666667	0.005123
142977.500000	0.005115
143128.333333	0.005110
143279.166667	0.005102
143430.000000	0.005096
143580.833333	0.005092
143731.666667	0.005087
143882.500000	0.005080
144033.333333	0.005072
144184.166667	0.005067
144335.000000	0.005061
144485.833333	0.005057
144636.666667	0.005049
144787.500000	0.005043
144938.333333	0.005039
145089.166667	0.005032
145240.000000	0.005027
145390.833333	0.005021
145541.666667	0.005016
145692.500000	0.005011
145843.333333	0.005003
145994.166667	0.004998
146145.000000	0.004994
146295.833333	0.004986
146446.666667	0.004980
146597.500000	0.004975
146748.333333	0.004969
146899.166667	0.004966
147050.000000	0.004959
147200.833333	0.004951
147351.666667	0.004947
147502.500000	0.004943
147653.333333	0.004937
147804.166667	0.004932
147955.000000	0.004926
148105.833333	0.004920
148256.666667	0.004917
148407.500000	0.004910
148558.333333	0.004904
148709.166667	0.004899
148860.000000	0.004893
149010.833333	0.004889
149161.666667	0.004882
149312.500000	0.004874
149463.333333	0.004870
149614.166667	0.004865
149765.000000	0.004862
149915.833333	0.004858
150066.666667	0.004847
150217.500000	0.004844
150368.333333	0.004838
150519.166667	0.004833
150670.000000	0.004830
150820.833333	0.004823
150971.666667	0.004817
151122.500000	0.004814
151273.333333	0.004808
151424.166667	0.004801
151575.000000	0.004797
151725.833333	0.004791
151876.666667	0.004785
152027.500000	0.004783
152178.333333	0.004776
152329.166667	0.004771
152480.000000	0.004765
152630.833333	0.004760
152781.666667	0.004756
152932.500000	0.004751
153083.333333	0.004744
153234.166667	0.004740
153385.000000	0.004733
153535.833333	0.004731
153686.666667	0.004726
153837.500000	0.004723
153988.333333	0.004715
154139.166667	0.004711
154290.000000	0.004706
154440.833333	0.004701
154591.666667	0.004695
154742.500000	0.004690
154893.333333	0.004687
155044.166667	0.004681
155195.000000	0.004677
155345.833333	0.004671
155496.666667	0.004666
155647.500000	0.004658
155798.333333	0.004656
155949.166667	0.004654
156100.000000	0.004648
156250.833333	0.004641
156401.666667	0.004636
156552.500000	0.004633
156703.333333	0.004628
156854.166667	0.004623
157005.000000	0.004617
157155.833333	0.004612
157306.666667	0.004609
157457.500000	0.004605
157608.333333	0.004600
157759.166667	0.004593
157910.000000	0.004591
158060.833333	0.004584
158211.666667	0.004582
158362.500000	0.004577
158513.333333	0.004572
158664.166667	0.004567
158815.000000	0.004561
158965.833333	0.004558
159116.666667	0.004552
159267.500000	0.004548
159418.333333	0.004544
159569.166667	0.004538
159720.000000	0.004534
159870.833333	0.004528
160021.666667	0.004525
160172.500000	0.004519
160323.333333	0.004518
160474.166667	0.004510
160625.000000	0.004506
160775.833333	0.004503
160926.666667	0.004498
161077.500000	0.004494
161228.333333	0.004491
161379.166667	0.004485
161530.000000	0.004480
161680.833333	0.004475
161831.666667	0.004472
161982.500000	0.004468
162133.333333	0.004463
162284.166667	0.004459
162435.000000	0.004455
162585.833333	0.004447
162736.666667	0.004445
162887.500000	0.004441
163038.333333	0.004436
163189.166667	0.004431
163340.000000	0.004429
163490.833333	0.004425
163641.666667	0.004418
163792.500000	0.004415
163943.333333	0.004409
164094.166667	0.004406
164245.000000	0.004404
164395.833333	0.004399
164546.666667	0.004391
164697.500000	0.004389
164848.333333	0.004386
164999.166667	0.004380
165150.000000	0.004376
165300.833333	0.004372
165451.666667	0.004367
165602.500000	0.004364
165753.333333	0.004360
165904.166667	0.004355
166055.000000	0.004352
166205.833333	0.004345
166356.666667	0.004342
166507.500000	0.004338
166658.333333	0.004333
166809.166667	0.004329
166960.000000	0.004326
167110.833333	0.004322
167261.666667	0.004319
167412.500000	0.004314
167563.333333	0.004308
167714.166667	0.004306
167865.000000	0.004301
168015.833333	0.004299
168166.666667	0.004292
168317.500000	0.004290
168468.333333	0.004285
168619.166667	0.004279
168770.000000	0.004277
168920.833333	0.004272
169071.666667	0.004269
169222.500000	0.004264
169373.333333	0.004259
169524.166667	0.004256
169675.000000	0.004252
169825.833333	0.004248
169976.666667	0.004245
170127.500000	0.004242
170278.333333	0.004235
170429.166667	0.004234
170580.000000	0.004229
170730.833333	0.004226
170881.666667	0.004221
171032.500000	0.004217
171183.333333	0.004212
171334.166667	0.004211
171485.000000	0.004208
171635.833333	0.004202
171786.666667	0.004198
171937.500000	0.004195
172088.333333	0.004191
172239.166667	0.004188
172390.000000	0.004182
172540.833333	0.004179
172691.666667	0.004174
172842.500000	0.004173
172993.333333	0.004165
173144.166667	0.004164
173295.000000	0.004160
173445.833333	0.004156
173596.666667	0.004153
173747.500000	0.004149
173898.333333	0.004146
174049.166667	0.004141
174200.000000	0.004137
174350.833333	0.004132
174501.666667	0.004131
174652.500000	0.004126
174803.333333	0.004124
174954.166667	0.004119
175105.000000	0.004114
175255.833333	0.004112
175406.666667	0.004110
175557.500000	0.004105
175708.333333	0.004099
175859.166667	0.004097
176010.000000	0.004092
176160.833333	0.004090
176311.666667	0.004087
176462.500000	0.004080
176613.333333	0.004079
176764.166667	0.004075
176915.000000	0.004071
177065.833333	0.004068
177216.666667	0.004064
177367.500000	0.004059
177518.333333	0.004058
177669.166667	0.004053
177820.000000	0.004050
177970.833333	0.004046
178121.666667	0.004042
178272.500000	0.004037
178423.333333	0.004035
178574.166667	0.004031
178725.000000	0.004030
178875.833333	0.004025
179026.666667	0.004020
179177.500000	0.004017
179328.333333	0.004013
179479.166667	0.004010
179630.000000	0.004007
179780.833333	0.004002
179931.666667	0.003998
180082.500000	0.003998
180233.333333	0.003994
180384.166667	0.003989
180535.000000	0.003988
180685.833333	0.003984
180836.666667	0.003980
180987.500000	0.003977
181138.333333	0.003972
181289.166667	0.003970
181440.000000	0.003964
181590.833333	0.003962
181741.666667	0.003960
181892.500000	0.003956
182043.333333	0.003952
182194.166667	0.003950
182345.000000	0.003946
182495.833333	0.003942
182646.666667	0.003938
182797.500000	0.003936
182948.333333	0.003931
183099.166667	0.003928
183250.000000	0.003925
183400.833333	0.003921
183551.666667	0.003919
183702.500000	0.003917
183853.333333	0.003912
184004.166667	0.003908
184155.000000	0.003904
184305.833333	0.003902
184456.666667	0.003899
184607.500000	0.003896
184758.333333	0.003891
184909.166667	0.003889
185060.000000	0.003885
185210.833333	0.003884
185361.666667	0.003877
185512.500000	0.003877
185663.333333	0.003874
185814.166667	0.003870
185965.000000	0.003867
186115.833333	0.003863
186266.666667	0.003861
186417.500000	0.003857
186568.333333	0.003853
186719.166667	0.003850
186870.000000	0.003849
187020.833333	0.003844
187171.666667	0.003841
187322.500000	0.003838
187473.333333	0.003833
187624.166667	0.003830
187775.000000	0.003830
187925.833333	0.003824
188076.666667	0.003823
188227.500000	0.003819
188378.333333	0.003816
188529.166667	0.003811
188680.000000	0.003810
188830.833333	0.003807
188981.666667	0.003803
189132.500000	0.003799
189283.333333	0.003797
189434.166667	0.003795
189585.000000	0.003790
189735.833333	0.003787
189886.666667	0.003784
190037.500000	0.003782
190188.333333	0.003778
190339.166667	0.003775
190490.000000	0.003772
190640.833333	0.003768
190791.666667	0.003766
190942.500000	0.003764
191093.333333	0.003759
191244.166667	0.003757
191395.000000	0.003756
191545.833333	0.003749
191696.666667	0.003749
191847.500000	0.003746
191998.333333	0.003742
192149.166667	0.003739
192300.000000	0.003735
192450.833333	0.003732
192601.666667	0.003729
192752.500000	0.003725
192903.333333	0.003724
193054.166667	0.003719
193205.000000	0.003719
193355.833333	0.003714
193506.666667	0.003711
193657.500000	0.003708
193808.333333	0.003706
193959.166667	0.003704
194110.000000	0.003700
194260.833333	0.003697
194411.666667	0.003694
194562.500000	0.003690
194713.333333	0.003687
194864.166667	0.003687
195015.000000	0.003683
195165.833333	0.003681
195316.666667	0.003676
195467.500000	0.003672
195618.333333	0.003670
195769.166667	0.003669
195920.000000	0.003665
196070.833333	0.003661
196221.666667	0.003659
196372.500000	0.003658
196523.333333	0.003654
196674.166667	0.003650
196825.000000	0.003646
196975.833333	0.003645
197126.666667	0.003643
197277.500000	0.003639
197428.333333	0.003636
197579.166667	0.003633
197730.000000	0.003631
197880.833333	0.003627
198031.666667	0.003625
198182.500000	0.003622
198333.333333	0.003619
198484.166667	0.003616
198635.000000	0.003614
198785.833333	0.003610
198936.666667	0.003608
199087.500000	0.003605
199238.333333	0.003603
199389.166667	0.003600
199540.000000	0.003597
199690.833333	0.003594
199841.666667	0.003591
199992.500000	0.003589
200143.333333	0.003586
200294.166667	0.003583
200445.000000	0.003580
200595.833333	0.003578
200746.666667	0.003575
200897.500000	0.003572
201048.333333	0.003570
201199.166667	0.003568
201350.000000	0.003565
201500.833333	0.003563
201651.666667	0.003559
201802.500000	0.003556
201953.333333	0.003552
202104.166667	0.003552
202255.000000	0.003549
202405.833333	0.003545
202556.666667	0.003542
202707.500000	0.003541
202858.333333	0.003537
203009.166667	0.003533
203160.000000	0.003531
203310.833333	0.003530
203461.666667	0.003529
203612.500000	0.003524
203763.333333	0.003522
203914.166667	0.003521
204065.000000	0.003514
204215.833333	0.003513
204366.666667	0.003510
204517.500000	0.003506
204668.333333	0.003506
204819.166667	0.003504
204970.000000	0.003499
205120.833333	0.003497
205271.666667	0.003495
205422.500000	0.003492
205573.333333	0.003490
205724.166667	0.003487
205875.000000	0.003483
206025.833333	0.003482
206176.666667	0.003478
206327.500000	0.003475
206478.333333	0.003474
206629.166667	0.003473
206780.000000	0.003469
206930.833333	0.003466
207081.666667	0.003463
207232.500000	0.003461
207383.333333	0.003458
207534.166667	0.003457
207685.000000	0.003453
207835.833333	0.003452
207986.666667	0.003448
208137.500000	0.003445
208288.333333	0.003443
208439.166667	0.003441
208590.000000	0.003438
208740.833333	0.003436
208891.666667	0.003433
209042.500000	0.003432
209193.333333	0.003428
209344.166667	0.003426
209495.000000	0.003422
209645.833333	0.003421
209796.666667	0.003420
209947.500000	0.003416
210098.333333	0.003414
210249.166667	0.003412
210400.000000	0.003409
210550.833333	0.003405
210701.666667	0.003404
210852.500000	0.003401
211003.333333	0.003399
211154.166667	0.003396
211305.000000	0.003393
211455.833333	0.003391
211606.666667	0.003389
211757.500000	0.003386
211908.333333	0.003384
212059.166667	0.003381
212210.000000	0.003379
212360.833333	0.003376
212511.666667	0.003375
212662.500000	0.003371
212813.333333	0.003370
212964.166667	0.003368
213115.000000	0.003364
213265.833333	0.003362
213416.666667	0.003360
213567.500000	0.003358
213718.333333	0.003353
213869.166667	0.003352
214020.000000	0.003349
214170.833333	0.003348
214321.666667	0.003344
214472.500000	0.003343
214623.333333	0.003340
214774.166667	0.003338
214925.000000	0.003336
215075.833333	0.003333
215226.666667	0.003330
215377.500000	0.003329
215528.333333	0.003326
215679.166667	0.003324
215830.000000	0.003321
215980.833333	0.003319
216131.666667	0.003318
216282.500000	0.003314
216433.333333	0.003312
216584.166667	0.003310
216735.000000	0.003308
216885.833333	0.003304
217036.666667	0.003302
217187.500000	0.003301
217338.333333	0.003299
217489.166667	0.003296
217640.000000	0.003293
217790.833333	0.003290
217941.666667	0.003290
218092.500000	0.003286
218243.333333	0.003285
218394.166667	0.003281
218545.000000	0.003280
218695.833333	0.003278
218846.666667	0.003275
218997.500000	0.003272
219148.333333	0.003270
219299.166667	0.003268
219450.000000	0.003267
219600.833333	0.003264
219751.666667	0.003261
219902.500000	0.003259
220053.333333	0.003256
220204.166667	0.003254
220355.000000	0.003253
220505.833333	0.003250
220656.666667	0.003248
220807.500000	0.003245
220958.333333	0.003243
221109.166667	0.003241
221260.000000	0.003239
221410.833333	0.003236
221561.666667	0.003234
221712.500000	0.003233
221863.333333	0.003231
222014.166667	0.003227
222165.000000	0.003226
222315.833333	0.003223
222466.666667	0.003220
222617.500000	0.003220
222768.333333	0.003217
222919.166667	0.003215
223070.000000	0.003213
223220.833333	0.003209
223371.666667	0.003208
223522.500000	0.003206
223673.333333	0.003203
223824.166667	0.003202
223975.000000	0.003200
224125.833333	0.003197
224276.666667	0.003194
224427.500000	0.003193
224578.333333	0.003190
224729.166667	0.003188
224880.000000	0.003187
225030.833333	0.003184
225181.666667	0.003181
225332.500000	0.003179
225483.333333	0.003178
225634.166667	0.003175
225785.000000	0.003174
225935.833333	0.003171
226086.666667	0.003169
226237.500000	0.003167
226388.333333	0.003166
226539.166667	0.003163
226690.000000	0.003161
226840.833333	0.003159
226991.666667	0.003157
227142.500000	0.003154
227293.333333	0.003152
227444.166667	0.003149
227595.000000	0.003148
227745.833333	0.003146
227896.666667	0.003144
228047.500000	0.003142
228198.333333	0.003139
228349.166667	0.003137
228500.000000	0.003136
228650.833333	0.003134
228801.666667	0.003132
228952.500000	0.003130
229103.333333	0.003127
229254.166667	0.003126
229405.000000	0.003124
229555.833333	0.003121
229706.666667	0.003118
229857.500000	0.003118
230008.333333	0.003115
230159.166667	0.003112
230310.000000	0.003111
230460.833333	0.003108
230611.666667	0.003106
230762.500000	0.003103
230913.333333	0.003103
231064.166667	0.003101
231215.000000	0.003097
231365.833333	0.003097
231516.666667	0.003095
231667.500000	0.003092
231818.333333	0.003091
231969.166667	0.003088
232120.000000	0.003086
232270.833333	0.003084
232421.666667	0.003082
232572.500000	0.003081
232723.333333	0.003078
232874.166667	0.003076
233025.000000	0.003075
233175.833333	0.003073
233326.666667	0.003070
233477.500000	0.003069
233628.333333	0.003067
233779.166667	0.003064
233930.000000	0.003062
234080.833333	0.003060
234231.666667	0.003059
234382.500000	0.003055
234533.333333	0.003054
234684.166667	0.003052
234835.000000	0.003050
234985.833333	0.003048
235136.666667	0.003047
235287.500000	0.003045
235438.333333	0.003043
235589.166667	0.003040
235740.000000	0.003039
235890.833333	0.003037
236041.666667	0.003034
236192.500000	0.003033
236343.333333	0.003031
236494.166667	0.003028
236645.000000	0.003028
236795.833333	0.003025
236946.666667	0.003023
237097.500000	0.003021
237248.333333	0.003019
237399.166667	0.003018
237550.000000	0.003016
237700.833333	0.003013
237851.666667	0.003013
238002.500000	0.003010
238153.333333	0.003008
238304.166667	0.003005
238455.000000	0.003005
238605.833333	0.003003
238756.666667	0.003001
238907.500000	0.002998
239058.333333	0.002996
239209.166667	0.002995
239360.000000	0.002992
239510.833333	0.002991
239661.666667	0.002989
239812.500000	0.002987
239963.333333	0.002985
240114.166667	0.002984
240265.000000	0.002981
240415.833333	0.002979
240566.666667	0.002978
240717.500000	0.002976
240868.333333	0.002973
241019.166667	0.002972
241170.000000	0.002971
241320.833333	0.002968
241471.666667	0.002966
241622.500000	0.002964
241773.333333	0.002963
241924.166667	0.002962
242075.000000	0.002958
242225.833333	0.002958
242376.666667	0.002956
242527.500000	0.002953
242678.333333	0.002951
242829.166667	0.002950
242980.000000	0.002947
243130.833333	0.002946
243281.666667	0.002945
243432.500000	0.002943
243583.333333	0.002940
243734.166667	0.002939
243885.000000	0.002937
244035.833333	0.002935
244186.666667	0.002933
244337.500000	0.002931
244488.333333	0.002930
244639.166667	0.002927
244790.000000	0.002926
244940.833333	0.002924
245091.666667	0.002923
245242.500000	0.002921
245393.333333	0.002919
245544.166667	0.002917
245695.000000	0.002915
245845.833333	0.002913
245996.666667	0.002911
246147.500000	0.002910
246298.333333	0.002907
246449.166667	0.002907
246600.000000	0.002904
246750.833333	0.002903
246901.666667	0.002901
247052.500000	0.002900
247203.333333	0.002897
247354.166667	0.002895
247505.000000	0.002893
247655.833333	0.002892
247806.666667	0.002890
247957.500000	0.002889
248108.333333	0.002887
248259.166667	0.002885
248410.000000	0.002883
248560.833333	0.002881
248711.666667	0.002880
248862.500000	0.002878
249013.333333	0.002876
249164.166667	0.002874
249315.000000	0.002873
249465.833333	0.002871
249616.666667	0.002869
249767.500000	0.002867
249918.333333	0.002866
250069.166667	0.002864
250220.000000	0.002863
250370.833333	0.002860
250521.666667	0.002859
250672.500000	0.002858
250823.333333	0.002855
250974.166667	0.002854
251125.000000	0.002852
251275.833333	0.002850
251426.666667	0.002849
251577.500000	0.002848
251728.333333	0.002845
251879.166667	0.002844
252030.000000	0.002842
252180.833333	0.002840
252331.666667	0.002838
252482.500000	0.002837
252633.333333	0.002835
252784.166667	0.002834
252935.000000	0.002831
253085.833333	0.002830
253236.666667	0.002828
253387.500000	0.002827
253538.333333	0.002825
253689.166667	0.002823
253840.000000	0.002821
253990.833333	0.002820
254141.666667	0.002819
254292.500000	0.002816
254443.333333	0.002815
254594.166667	0.002812
254745.000000	0.002811
254895.833333	0.002810
255046.666667	0.002808
255197.500000	0.002806
255348.333333	0.002804
255499.166667	0.002802
255650.000000	0.002802
255800.833333	0.002800
255951.666667	0.002798
256102.500000	0.002796
256253.333333	0.002795
256404.166667	0.002793
256555.000000	0.002791
256705.833333	0.002790
256856.666667	0.002788
257007.500000	0.002787
257158.333333	0.002785
257309.166667	0.002783
257460.000000	0.002782
257610.833333	0.002779
257761.666667	0.002779
257912.500000	0.002776
258063.333333	0.002775
258214.166667	0.002774
258365.000000	0.002772
258515.833333	0.002771
258666.666667	0.002768
258817.500000	0.002766
258968.333333	0.002765
259119.166667	0.002765
259270.000000	0.002762
259420.833333	0.002761
259571.666667	0.002759
259722.500000	0.002757
259873.333333	0.002756
260024.166667	0.002754
260175.000000	0.002753
260325.833333	0.002752
260476.666667	0.002749
260627.500000	0.002748
260778.333333	0.002746
260929.166667	0.002744
261080.000000	0.002742
261230.833333	0.002741
261381.666667	0.002740
261532.500000	0.002738
261683.333333	0.002737
261834.166667	0.002736
261985.000000	0.002733
262135.833333	0.002732
262286.666667	0.002730
262437.500000	0.002729
262588.333333	0.002728
262739.166667	0.002726
262890.000000	0.002725
263040.833333	0.002722
263191.666667	0.002721
263342.500000	0.002718
263493.333333	0.002717
263644.166667	0.002716
263795.000000	0.002715
263945.833333	0.002713
264096.666667	0.002711
264247.500000	0.002711
264398.333333	0.002708
264549.166667	0.002707
264700.000000	0.002706
264850.833333	0.002704
265001.666667	0.002703
265152.500000	0.002701
265303.333333	0.002699
265454.166667	0.002697
265605.000000	0.002696
265755.833333	0.002694
265906.666667	0.002692
266057.500000	0.002692
266208.333333	0.002691
266359.166667	0.002688
266510.000000	0.002687
266660.833333	0.002685
266811.666667	0.002684
266962.500000	0.002683
267113.333333	0.002681
267264.166667	0.002679
267415.000000	0.002678
267565.833333	0.002676
267716.666667	0.002675
267867.500000	0.002674
268018.333333	0.002673
268169.166667	0.002670
268320.000000	0.002668
268470.833333	0.002667
268621.666667	0.002665
268772.500000	0.002664
268923.333333	0.002663
269074.166667	0.002662
269225.000000	0.002660
269375.833333	0.002658
269526.666667	0.002657
269677.500000	0.002655
269828.333333	0.002655
269979.166667	0.002653
270130.000000	0.002652
270280.833333	0.002650
270431.666667	0.002648
270582.500000	0.002647
270733.333333	0.002644
270884.166667	0.002643
271035.000000	0.002642
271185.833333	0.002641
271336.666667	0.002639
271487.500000	0.002638
271638.333333	0.002636
271789.166667	0.002635
271940.000000	0.002633
272090.833333	0.002632
272241.666667	0.002630
272392.500000	0.002630
272543.333333	0.002627
272694.166667	0.002626
272845.000000	0.002625
272995.833333	0.002623
273146.666667	0.002621
273297.500000	0.002621
273448.333333	0.002620
273599.166667	0.002617
273750.000000	0.002616
273900.833333	0.002615
274051.666667	0.002613
274202.500000	0.002612
274353.333333	0.002609
274504.166667	0.002610
274655.000000	0.002608
274805.833333	0.002606
274956.666667	0.002604
275107.500000	0.002604
275258.333333	0.002601
275409.166667	0.002600
275560.000000	0.002598
275710.833333	0.002598
275861.666667	0.002596
276012.500000	0.002595
276163.333333	0.002594
276314.166667	0.002592
276465.000000	0.002589
276615.833333	0.002589
276766.666667	0.002588
276917.500000	0.002586
277068.333333	0.002585
277219.166667	0.002584
277370.000000	0.002582
277520.833333	0.002580
277671.666667	0.002579
277822.500000	0.002578
277973.333333	0.002576
278124.166667	0.002575
278275.000000	0.002574
278425.833333	0.002572
278576.666667	0.002571
278727.500000	0.002570
278878.333333	0.002568
279029.166667	0.002567
279180.000000	0.002566
279330.833333	0.002564
279481.666667	0.002563
279632.500000	0.002560
279783.333333	0.002559
279934.166667	0.002559
280085.000000	0.002557
280235.833333	0.002556
280386.666667	0.002554
280537.500000	0.002553
280688.333333	0.002551
280839.166667	0.002551
280990.000000	0.002549
281140.833333	0.002548
281291.666667	0.002546
281442.500000	0.002544
281593.333333	0.002544
281744.166667	0.002542
281895.000000	0.002540
282045.833333	0.002539
282196.666667	0.002538
282347.500000	0.002536
282498.333333	0.002535
282649.166667	0.002533
282800.000000	0.002532
282950.833333	0.002531
283101.666667	0.002530
283252.500000	0.002529
283403.333333	0.002527
283554.166667	0.002526
283705.000000	0.002524
283855.833333	0.002523
284006.666667	0.002521
284157.500000	0.002520
284308.333333	0.002519
284459.166667	0.002518
284610.000000	0.002516
284760.833333	0.002515
284911.666667	0.002513
285062.500000	0.002513
285213.333333	0.002511
285364.166667	0.002510
285515.000000	0.002509
285665.833333	0.002507
285816.666667	0.002506
285967.500000	0.002505
286118.333333	0.002503
286269.166667	0.002502
286420.000000	0.002501
286570.833333	0.002499
286721.666667	0.002498
286872.500000	0.002497
287023.333333	0.002495
287174.166667	0.002494
287325.000000	0.002492
287475.833333	0.002491
287626.666667	0.002491
287777.500000	0.002490
287928.333333	0.002488
288079.166667	0.002486
288230.000000	0.002485
288380.833333	0.002483
288531.666667	0.002482
288682.500000	0.002481
288833.333333	0.002480
288984.166667	0.002478
289135.000000	0.002478
289285.833333	0.002475
289436.666667	0.002474
289587.500000	0.002473
289738.333333	0.002473
289889.166667	0.002471
290040.000000	0.002469
290190.833333	0.002468
290341.666667	0.002468
290492.500000	0.002466
290643.333333	0.002464
290794.166667	0.002463
290945.000000	0.002463
291095.833333	0.002461
291246.666667	0.002459
291397.500000	0.002458
291548.333333	0.002457
291699.166667	0.002455
291850.000000	0.002454
292000.833333	0.002453
292151.666667	0.002452
292302.500000	0.002450
292453.333333	0.002449
292604.166667	0.002449
292755.000000	0.002446
292905.833333	0.002445
293056.666667	0.002444
293207.500000	0.002443
293358.333333	0.002442
293509.166667	0.002440
293660.000000	0.002439
293810.833333	0.002438
293961.666667	0.002437
294112.500000	0.002435
294263.333333	0.002434
294414.166667	0.002433
294565.000000	0.002432
294715.833333	0.002430
294866.666667	0.002429
295017.500000	0.002428
295168.333333	0.002426
295319.166667	0.002426
295470.000000	0.002424
295620.833333	0.002424
295771.666667	0.002422
295922.500000	0.002421
296073.333333	0.002419
296224.166667	0.002417
296375.000000	0.002417
296525.833333	0.002416
296676.666667	0.002414
296827.500000	0.002413
296978.333333	0.002412
297129.166667	0.002410
297280.000000	0.002409
297430.833333	0.002408
297581.666667	0.002407
297732.500000	0.002406
297883.333333	0.002405
298034.166667	0.002403
298185.000000	0.002402
298335.833333	0.002401
298486.666667	0.002400
298637.500000	0.002398
298788.333333	0.002397
298939.166667	0.002397
299090.000000	0.002396
299240.833333	0.002394
299391.666667	0.002392
299542.500000	0.002391
299693.333333	0.002390
299844.166667	0.002389
299995.000000	0.002388
300145.833333	0.002386
300296.666667	0.002386
300447.500000	0.002384
300598.333333	0.002383
300749.166667	0.002382
300900.000000	0.002381
301050.833333	0.002380
301201.666667	0.002379
301352.500000	0.002377
301503.333333	0.002376
301654.166667	0.002374
301805.000000	0.002373
301955.833333	0.002373
302106.666667	0.002371
302257.500000	0.002370
302408.333333	0.002369
302559.166667	0.002368
302710.000000	0.002366
302860.833333	0.002365
303011.666667	0.002364
303162.500000	0.002363
303313.333333	0.002362
303464.166667	0.002361
303615.000000	0.002359
303765.833333	0.002358
303916.666667	0.002357
304067.500000	0.002355
304218.333333	0.002355
304369.166667	0.002354
304520.000000	0.002353
304670.833333	0.002351
304821.666667	0.002350
304972.500000	0.002348
305123.333333	0.002348
305274.166667	0.002346
305425.000000	0.002345
305575.833333	0.002344
305726.666667	0.002343
305877.500000	0.002342
306028.333333	0.002341
306179.166667	0.002339
306330.000000	0.002338
306480.833333	0.002337
306631.666667	0.002337
306782.500000	0.002334
306933.333333	0.002334
307084.166667	0.002333
307235.000000	0.002332
307385.833333	0.002330
307536.666667	0.002329
307687.500000	0.002328
307838.333333	0.002327
307989.166667	0.002326
308140.000000	0.002325
308290.833333	0.002323
308441.666667	0.002322
308592.500000	0.002321
308743.333333	0.002320
308894.166667	0.002319
309045.000000	0.002318
309195.833333	0.002317
309346.666667	0.002316
309497.500000	0.002314
309648.333333	0.002313
309799.166667	0.002312
309950.000000	0.002311
310100.833333	0.002310
310251.666667	0.002309
310402.500000	0.002307
310553.333333	0.002306
310704.166667	0.002306
310855.000000	0.002304
311005.833333	0.002303
311156.666667	0.002303
311307.500000	0.002301
311458.333333	0.002300
311609.166667	0.002299
311760.000000	0.002298
311910.833333	0.002296
312061.666667	0.002296
312212.500000	0.002294
312363.333333	0.002293
312514.166667	0.002292
312665.000000	0.002291
312815.833333	0.002290
312966.666667	0.002289
313117.500000	0.002288
313268.333333	0.002287
313419.166667	0.002286
313570.000000	0.002285
313720.833333	0.002283
313871.666667	0.002282
314022.500000	0.002281
314173.333333	0.002280
314324.166667	0.002279
314475.000000	0.002278
314625.833333	0.002277
314776.666667	0.002275
314927.500000	0.002275
315078.333333	0.002274
315229.166667	0.002272
315380.000000	0.002271
315530.833333	0.002271
315681.666667	0.002270
315832.500000	0.002268
315983.333333	0.002267
316134.166667	0.002266
316285.000000	0.002265
316435.833333	0.002264
316586.666667	0.002263
316737.500000	0.002262
316888.333333	0.002261
317039.166667	0.002259
317190.000000	0.002259
317340.833333	0.002258
317491.666667	0.002256
317642.500000	0.002255
317793.333333	0.002254
317944.166667	0.002253
318095.000000	0.002253
318245.833333	0.002251
318396.666667	0.002250
318547.500000	0.002249
318698.333333	0.002247
318849.166667	0.002247
319000.000000	0.002246
319150.833333	0.002245
319301.666667	0.002244
319452.500000	0.002243
319603.333333	0.002242
319754.166667	0.002240
319905.000000	0.002240
320055.833333	0.002238
320206.666667	0.002237
320357.500000	0.002236
320508.333333	0.002235
320659.166667	0.002235
320810.000000	0.002233
320960.833333	0.002232
321111.666667	0.002231
321262.500000	0.002230
321413.333333	0.002230
321564.166667	0.002228
321715.000000	0.002227
321865.833333	0.002226
322016.666667	0.002224
322167.500000	0.002224
322318.333333	0.002223
322469.166667	0.002222
322620.000000	0.002221
322770.833333	0.002220
322921.666667	0.002219
323072.500000	0.002217
323223.333333	0.002217
323374.166667	0.002216
323525.000000	0.002214
323675.833333	0.002214
323826.666667	0.002213
323977.500000	0.002212
324128.333333	0.002211
324279.166667	0.002209
324430.000000	0.002209
324580.833333	0.002208
324731.666667	0.002207
324882.500000	0.002206
325033.333333	0.002204
325184.166667	0.002203
325335.000000	0.002202
325485.833333	0.002201
325636.666667	0.002200
325787.500000	0.002199
325938.333333	0.002198
326089.166667	0.002197
326240.000000	0.002196
326390.833333	0.002195
326541.666667	0.002194
326692.500000	0.002194
326843.333333	0.002192
326994.166667	0.002191
327145.000000	0.002190
327295.833333	0.002189
327446.666667	0.002188
327597.500000	0.002187
327748.333333	0.002186
327899.166667	0.002185
328050.000000	0.002184
328200.833333	0.002183
328351.666667	0.002182
328502.500000	0.002181
328653.333333	0.002180
328804.166667	0.002179
328955.000000	0.002178
329105.833333	0.002177
329256.666667	0.002176
329407.500000	0.002175
329558.333333	0.002174
329709.166667	0.002173
329860.000000	0.002172
330010.833333	0.002171
330161.666667	0.002170
330312.500000	0.002169
330463.333333	0.002168
330614.166667	0.002167
330765.000000	0.002166
330915.833333	0.002165
331066.666667	0.002165
331217.500000	0.002163
331368.333333	0.002163
331519.166667	0.002162
331670.000000	0.002161
331820.833333	0.002159
331971.666667	0.002159
332122.500000	0.002158
332273.333333	0.002156
332424.166667	0.002156
332575.000000	0.002155
332725.833333	0.002153
332876.666667	0.002153
333027.500000	0.002152
333178.333333	0.002151
333329.166667	0.002149
333480.000000	0.002149
333630.833333	0.002148
333781.666667	0.002147
333932.500000	0.002145
334083.333333	0.002145
334234.166667	0.002144
334385.000000	0.002143
334535.833333	0.002142
334686.666667	0.002141
334837.500000	0.002140
334988.333333	0.002140
335139.166667	0.002138
335290.000000	0.002137
335440.833333	0.002136
335591.666667	0.002135
335742.500000	0.002134
335893.333333	0.002134
336044.166667	0.002132
336195.000000	0.002132
336345.833333	0.002130
336496.666667	0.002130
336647.500000	0.002128
336798.333333	0.002127
336949.166667	0.002127
337100.000000	0.002125
337250.833333	0.002125
337401.666667	0.002124
337552.500000	0.002123
337703.333333	0.002122
337854.166667	0.002121
338005.000000	0.002120
338155.833333	0.002119
338306.666667	0.002119
338457.500000	0.002118
338608.333333	0.002117
338759.166667	0.002116
338910.000000	0.002114
339060.833333	0.002114
339211.666667	0.002113
339362.500000	0.002112
339513.333333	0.002110
339664.166667	0.002110
339815.000000	0.002109
339965.833333	0.002108
340116.666667	0.002107
340267.500000	0.002106
340418.333333	0.002105
340569.166667	0.002104
340720.000000	0.002103
340870.833333	0.002102
341021.666667	0.002101
341172.500000	0.002100
341323.333333	0.002099
341474.166667	0.002098
341625.000000	0.002098
341775.833333	0.002097
341926.666667	0.002096
342077.500000	0.002095
342228.333333	0.002094
342379.166667	0.002093
342530.000000	0.002092
342680.833333	0.002091
342831.666667	0.002091
342982.500000	0.002090
343133.333333	0.002089
343284.166667	0.002088
343435.000000	0.002087
343585.833333	0.002086
343736.666667	0.002085
343887.500000	0.002084
344038.333333	0.002083
344189.166667	0.002082
344340.000000	0.002081
344490.833333	0.002080
344641.666667	0.002079
344792.500000	0.002078
344943.333333	0.002077
345094.166667	0.002077
345245.000000	0.002076
345395.833333	0.002075
345546.666667	0.002074
345697.500000	0.002073
345848.333333	0.002072
345999.166667	0.002071
346150.000000	0.002071
346300.833333	0.002069
346451.666667	0.002068
346602.500000	0.002068
346753.333333	0.002067
346904.166667	0.002067
347055.000000	0.002065
347205.833333	0.002064
347356.666667	0.002063
347507.500000	0.002062
347658.333333	0.002061
347809.166667	0.002060
347960.000000	0.002060
348110.833333	0.002058
348261.666667	0.002058
348412.500000	0.002057
348563.333333	0.002057
348714.166667	0.002055
348865.000000	0.002054
349015.833333	0.002053
349166.666667	0.002053
349317.500000	0.002051
349468.333333	0.002051
349619.166667	0.002050
349770.000000	0.002049
349920.833333	0.002048
350071.666667	0.002048
350222.500000	0.002047
350373.333333	0.002046
350524.166667	0.002045
350675.000000	0.002044
350825.833333	0.002043
350976.666667	0.002042
351127.500000	0.002042
351278.333333	0.002040
351429.166667	0.002039
351580.000000	0.002038
351730.833333	0.002037
351881.666667	0.002037
352032.500000	0.002036
352183.333333	0.002035
352334.166667	0.002034
352485.000000	0.002034
352635.833333	0.002032
352786.666667	0.002031
352937.500000	0.002031
353088.333333	0.002030
353239.166667	0.002028
353390.000000	0.002028
353540.833333	0.002027
353691.666667	0.002027
353842.500000	0.002026
353993.333333	0.002025
354144.166667	0.002024
354295.000000	0.002023
354445.833333	0.002022
354596.666667	0.002022
354747.500000	0.002021
354898.333333	0.002019
355049.166667	0.002019
355200.000000	0.002018
355350.833333	0.002017
355501.666667	0.002017
355652.500000	0.002015
355803.333333	0.002015
355954.166667	0.002014
356105.000000	0.002013
356255.833333	0.002012
356406.666667	0.002011
356557.500000	0.002010
356708.333333	0.002009
356859.166667	0.002008
357010.000000	0.002008
357160.833333	0.002007
357311.666667	0.002006
357462.500000	0.002005
357613.333333	0.002005
357764.166667	0.002004
357915.000000	0.002003
358065.833333	0.002002
358216.666667	0.002001
358367.500000	0.002000
358518.333333	0.001999
358669.166667	0.001998
358820.000000	0.001998
358970.833333	0.001997
359121.666667	0.001996
359272.500000	0.001995
359423.333333	0.001994
359574.166667	0.001994
359725.000000	0.001993
359875.833333	0.001992
360026.666667	0.001991
360177.500000	0.001990
360328.333333	0.001989
360479.166667	0.001988
360630.000000	0.001988
360780.833333	0.001987
360931.666667	0.001986
361082.500000	0.001985
361233.333333	0.001984
361384.166667	0.001984
361535.000000	0.001983
361685.833333	0.001982
361836.666667	0.001981
361987.500000	0.001980
362138.333333	0.001979
362289.166667	0.001979
362440.000000	0.001978
362590.833333	0.001977
362741.666667	0.001976
362892.500000	0.001975
363043.333333	0.001974
363194.166667	0.001974
363345.000000	0.001972
363495.833333	0.001972
363646.666667	0.001971
363797.500000	0.001970
363948.333333	0.001970
364099.166667	0.001969
364250.000000	0.001968
364400.833333	0.001967
364551.666667	0.001967
364702.500000	0.001966
364853.333333	0.001965
365004.166667	0.001964
365155.000000	0.001963
365305.833333	0.001962
365456.666667	0.001961
365607.500000	0.001961
365758.333333	0.001960
365909.166667	0.001959
366060.000000	0.001958
366210.833333	0.001958
366361.666667	0.001957
366512.500000	0.001956
366663.333333	0.001955
366814.166667	0.001954
366965.000000	0.001953
367115.833333	0.001952
367266.666667	0.001951
367417.500000	0.001951
367568.333333	0.001950
367719.166667	0.001949
367870.000000	0.001949
368020.833333	0.001948
368171.666667	0.001947
368322.500000	0.001946
368473.333333	0.001945
368624.166667	0.001945
368775.000000	0.001944
368925.833333	0.001943
369076.666667	0.001943
369227.500000	0.001942
369378.333333	0.001941
369529.166667	0.001940
369680.000000	0.001939
369830.833333	0.001938
369981.666667	0.001938
370132.500000	0.001937
370283.333333	0.001936
370434.166667	0.001935
370585.000000	0.001934
370735.833333	0.001933
370886.666667	0.001933
371037.500000	0.001932
371188.333333	0.001931
371339.166667	0.001931
371490.000000	0.001930
371640.833333	0.001929
371791.666667	0.001929
371942.500000	0.001928
372093.333333	0.001927
372244.166667	0.001926
372395.000000	0.001925
372545.833333	0.001925
372696.666667	0.001924
372847.500000	0.001923
372998.333333	0.001922
373149.166667	0.001921
373300.000000	0.001920
373450.833333	0.001919
373601.666667	0.001919
373752.500000	0.001918
373903.333333	0.001917
374054.166667	0.001916
374205.000000	0.001916
374355.833333	0.001915
374506.666667	0.001914
374657.500000	0.001914
374808.333333	0.001913
374959.166667	0.001912
375110.000000	0.001911
375260.833333	0.001911
375411.666667	0.001910
375562.500000	0.001909
375713.333333	0.001908
375864.166667	0.001907
376015.000000	0.001907
376165.833333	0.001906
376316.666667	0.001905
376467.500000	0.001905
376618.333333	0.001904
376769.166667	0.001902
376920.000000	0.001902
377070.833333	0.001902
377221.666667	0.001901
377372.500000	0.001900
377523.333333	0.001899
377674.166667	0.001898
377825.000000	0.001897
377975.833333	0.001897
378126.666667	0.001896
378277.500000	0.001896
378428.333333	0.001895
378579.166667	0.001894
378730.000000	0.001893
378880.833333	0.001892
379031.666667	0.001892
379182.500000	0.001891
379333.333333	0.001891
379484.166667	0.001889
379635.000000	0.001889
379785.833333	0.001888
379936.666667	0.001887
380087.500000	0.001886
380238.333333	0.001886
380389.166667	0.001885
380540.000000	0.001884
380690.833333	0.001883
380841.666667	0.001883
380992.500000	0.001882
381143.333333	0.001881
381294.166667	0.001880
381445.000000	0.001880
381595.833333	0.001879
381746.666667	0.001878
381897.500000	0.001877
382048.333333	0.001876
382199.166667	0.001876
382350.000000	0.001875
382500.833333	0.001875
382651.666667	0.001874
382802.500000	0.001873
382953.333333	0.001872
383104.166667	0.001872
383255.000000	0.001871
383405.833333	0.001870
383556.666667	0.001869
383707.500000	0.001869
383858.333333	0.001868
384009.166667	0.001867
384160.000000	0.001867
384310.833333	0.001866
384461.666667	0.001865
384612.500000	0.001864
384763.333333	0.001864
384914.166667	0.001863
385065.000000	0.001862
385215.833333	0.001861
385366.666667	0.001861
385517.500000	0.001860
385668.333333	0.001859
385819.166667	0.001858
385970.000000	0.001858
386120.833333	0.001857
386271.666667	0.001856
386422.500000	0.001856
386573.333333	0.001855
386724.166667	0.001854
386875.000000	0.001853
387025.833333	0.001853
387176.666667	0.001852
387327.500000	0.001851
387478.333333	0.001851
387629.166667	0.001850
387780.000000	0.001849
387930.833333	0.001848
388081.666667	0.001848
388232.500000	0.001847
388383.333333	0.001846
388534.166667	0.001845
388685.000000	0.001845
388835.833333	0.001844
388986.666667	0.001843
389137.500000	0.001843
389288.333333	0.001842
389439.166667	0.001841
389590.000000	0.001841
389740.833333	0.001840
389891.666667	0.001839
390042.500000	0.001838
390193.333333	0.001838
390344.166667	0.001836
390495.000000	0.001836
390645.833333	0.001835
390796.666667	0.001835
390947.500000	0.001834
391098.333333	0.001833
391249.166667	0.001833
391400.000000	0.001832
391550.833333	0.001832
391701.666667	0.001831
391852.500000	0.001830
392003.333333	0.001829
392154.166667	0.001828
392305.000000	0.001828
392455.833333	0.001827
392606.666667	0.001826
392757.500000	0.001826
392908.333333	0.001825
393059.166667	0.001824
393210.000000	0.001824
393360.833333	0.001823
393511.666667	0.001823
393662.500000	0.001822
393813.333333	0.001820
393964.166667	0.001820
394115.000000	0.001819
394265.833333	0.001819
394416.666667	0.001818
394567.500000	0.001818
394718.333333	0.001816
394869.166667	0.001816
395020.000000	0.001816
395170.833333	0.001815
395321.666667	0.001814
395472.500000	0.001813
395623.333333	0.001812
395774.166667	0.001812
395925.000000	0.001812
396075.833333	0.001811
396226.666667	0.001810
396377.500000	0.001809
396528.333333	0.001809
396679.166667	0.001808
396830.000000	0.001807
396980.833333	0.001807
397131.666667	0.001806
397282.500000	0.001805
397433.333333	0.001804
397584.166667	0.001803
397735.000000	0.001803
397885.833333	0.001802
398036.666667	0.001802
398187.500000	0.001801
398338.333333	0.001800
398489.166667	0.001800
398640.000000	0.001799
398790.833333	0.001798
398941.666667	0.001797
399092.500000	0.001797
399243.333333	0.001796
399394.166667	0.001796
399545.000000	0.001795
399695.833333	0.001794
399846.666667	0.001794
399997.500000	0.001793
400148.333333	0.001792
400299.166667	0.001792
400450.000000	0.001791
400600.833333	0.001790
400751.666667	0.001789
400902.500000	0.001789
401053.333333	0.001788
401204.166667	0.001788
401355.000000	0.001787
401505.833333	0.001786
401656.666667	0.001785
401807.500000	0.001785
401958.333333	0.001784
402109.166667	0.001784
402260.000000	0.001783
402410.833333	0.001782
402561.666667	0.001782
402712.500000	0.001781
402863.333333	0.001780
403014.166667	0.001779
403165.000000	0.001779
403315.833333	0.001778
403466.666667	0.001777
403617.500000	0.001777
403768.333333	0.001776
403919.166667	0.001776
404070.000000	0.001775
404220.833333	0.001774
404371.666667	0.001774
404522.500000	0.001773
404673.333333	0.001772
404824.166667	0.001772
404975.000000	0.001771
405125.833333	0.001770
405276.666667	0.001769
405427.500000	0.001769
405578.333333	0.001768
405729.166667	0.001768
405880.000000	0.001767
406030.833333	0.001766
406181.666667	0.001766
406332.500000	0.001765
406483.333333	0.001765
406634.166667	0.001764
406785.000000	0.001763
406935.833333	0.001763
407086.666667	0.001762
407237.500000	0.001761
407388.333333	0.001761
407539.166667	0.001760
407690.000000	0.001759
407840.833333	0.001758
407991.666667	0.001758
408142.500000	0.001757
408293.333333	0.001757
408444.166667	0.001756
408595.000000	0.001755
408745.833333	0.001755
408896.666667	0.001754
409047.500000	0.001754
409198.333333	0.001753
409349.166667	0.001752
409500.000000	0.001752
409650.833333	0.001751
409801.666667	0.001750
409952.500000	0.001750
410103.333333	0.001749
410254.166667	0.001748
410405.000000	0.001748
410555.833333	0.001747
410706.666667	0.001746
410857.500000	0.001746
411008.333333	0.001745
411159.166667	0.001745
411310.000000	0.001743
411460.833333	0.001743
411611.666667	0.001743
411762.500000	0.001742
411913.333333	0.001741
412064.166667	0.001741
412215.000000	0.001740
412365.833333	0.001739
412516.666667	0.001739
412667.500000	0.001738
412818.333333	0.001738
412969.166667	0.001737
413120.000000	0.001736
413270.833333	0.001736
413421.666667	0.001735
413572.500000	0.001734
413723.333333	0.001734
413874.166667	0.001733
414025.000000	0.001733
414175.833333	0.001732
414326.666667	0.001731
414477.500000	0.001731
414628.333333	0.001730
414779.166667	0.001729
414930.000000	0.001728
415080.833333	0.001728
415231.666667	0.001727
415382.500000	0.001727
415533.333333	0.001726
415684.166667	0.001726
415835.000000	0.001725
415985.833333	0.001724
416136.666667	0.001724
416287.500000	0.001723
416438.333333	0.001723
416589.166667	0.001722
416740.000000	0.001721
416890.833333	0.001721
417041.666667	0.001720
417192.500000	0.001719
417343.333333	0.001719
417494.166667	0.001718
417645.000000	0.001717
417795.833333	0.001717
417946.666667	0.001716
418097.500000	0.001716
418248.333333	0.001716
418399.166667	0.001714
418550.000000	0.001714
418700.833333	0.001713
418851.666667	0.001713
419002.500000	0.001712
419153.333333	0.001711
419304.166667	0.001711
419455.000000	0.001710
419605.833333	0.001709
419756.666667	0.001709
419907.500000	0.001709
420058.333333	0.001708
420209.166667	0.001707
420360.000000	0.001707
420510.833333	0.001706
420661.666667	0.001705
420812.500000	0.001705
420963.333333	0.001704
421114.166667	0.001704
421265.000000	0.001703
421415.833333	0.001702
421566.666667	0.001701
421717.500000	0.001701
421868.333333	0.001700
422019.166667	0.001699
422170.000000	0.001699
422320.833333	0.001699
422471.666667	0.001698
422622.500000	0.001697
422773.333333	0.001697
422924.166667	0.001696
423075.000000	0.001695
423225.833333	0.001695
423376.666667	0.001695
423527.500000	0.001694
423678.333333	0.001693
423829.166667	0.001692
423980.000000	0.001692
424130.833333	0.001692
424281.666667	0.001690
424432.500000	0.001690
424583.333333	0.001690
424734.166667	0.001689
424885.000000	0.001688
425035.833333	0.001688
425186.666667	0.001687
425337.500000	0.001687
425488.333333	0.001686
425639.166667	0.001685
425790.000000	0.001685
425940.833333	0.001684
426091.666667	0.001684
426242.500000	0.001683
426393.333333	0.001683
426544.166667	0.001681
426695.000000	0.001681
426845.833333	0.001680
426996.666667	0.001680
427147.500000	0.001679
427298.333333	0.001679
427449.166667	0.001678
427600.000000	0.001678
427750.833333	0.001677
427901.666667	0.001677
428052.500000	0.001676
428203.333333	0.001675
428354.166667	0.001674
428505.000000	0.001674
428655.833333	0.001674
428806.666667	0.001673
428957.500000	0.001672
429108.333333	0.001671
429259.166667	0.001672
429410.000000	0.001671
429560.833333	0.001670
429711.666667	0.001669
429862.500000	0.001669
430013.333333	0.001668
430164.166667	0.001667
430315.000000	0.001667
430465.833333	0.001667
430616.666667	0.001666
430767.500000	0.001665
430918.333333	0.001665
431069.166667	0.001664
431220.000000	0.001664
431370.833333	0.001663
431521.666667	0.001663
431672.500000	0.001662
431823.333333	0.001662
431974.166667	0.001661
432125.000000	0.001660
432275.833333	0.001660
432426.666667	0.001659
432577.500000	0.001658
432728.333333	0.001658
432879.166667	0.001658
433030.000000	0.001657
433180.833333	0.001656
433331.666667	0.001656
433482.500000	0.001655
433633.333333	0.001654
433784.166667	0.001654
433935.000000	0.001653
434085.833333	0.001653
434236.666667	0.001652
434387.500000	0.001652
434538.333333	0.001651
434689.166667	0.001650
434840.000000	0.001650
434990.833333	0.001649
435141.666667	0.001649
435292.500000	0.001648
435443.333333	0.001647
435594.166667	0.001647
435745.000000	0.001646
435895.833333	0.001646
436046.666667	0.001646
436197.500000	0.001645
436348.333333	0.001644
436499.166667	0.001644
436650.000000	0.001643
436800.833333	0.001643
436951.666667	0.001642
437102.500000	0.001641
437253.333333	0.001641
437404.166667	0.001640
437555.000000	0.001640
437705.833333	0.001639
437856.666667	0.001638
438007.500000	0.001638
438158.333333	0.001637
438309.166667	0.001637
438460.000000	0.001637
438610.833333	0.001636
438761.666667	0.001635
438912.500000	0.001634
439063.333333	0.001634
439214.166667	0.001633
439365.000000	0.001633
439515.833333	0.001633
439666.666667	0.001632
439817.500000	0.001631
439968.333333	0.001631
440119.166667	0.001630
440270.000000	0.001630
440420.833333	0.001629
440571.666667	0.001629
440722.500000	0.001628
440873.333333	0.001627
441024.166667	0.001627
441175.000000	0.001626
441325.833333	0.001625
441476.666667	0.001625
441627.500000	0.001625
441778.333333	0.001624
441929.166667	0.001623
442080.000000	0.001623
442230.833333	0.001622
442381.666667	0.001622
442532.500000	0.001621
442683.333333	0.001620
442834.166667	0.001620
442985.000000	0.001619
443135.833333	0.001619
443286.666667	0.001618
443437.500000	0.001618
443588.333333	0.001617
443739.166667	0.001617
443890.000000	0.001616
444040.833333	0.001616
444191.666667	0.001615
444342.500000	0.001615
444493.333333	0.001614
444644.166667	0.001613
444795.000000	0.001613
444945.833333	0.001612
445096.666667	0.001612
445247.500000	0.001612
445398.333333	0.001611
445549.166667	0.001611
445700.000000	0.001610
445850.833333	0.001609
446001.666667	0.001609
446152.500000	0.001608
446303.333333	0.001608
446454.166667	0.001607
446605.000000	0.001607
446755.833333	0.001606
446906.666667	0.001605
447057.500000	0.001605
447208.333333	0.001604
447359.166667	0.001604
447510.000000	0.001603
447660.833333	0.001603
447811.666667	0.001602
447962.500000	0.001602
448113.333333	0.001601
448264.166667	0.001600
448415.000000	0.001600
448565.833333	0.001599
448716.666667	0.001599
448867.500000	0.001599
449018.333333	0.001598
449169.166667	0.001598
449320.000000	0.001597
449470.833333	0.001596
449621.666667	0.001596
449772.500000	0.001595
449923.333333	0.001594
450074.166667	0.001594
450225.000000	0.001594
450375.833333	0.001593
450526.666667	0.001592
450677.500000	0.001592
450828.333333	0.001591
450979.166667	0.001591
451130.000000	0.001591
451280.833333	0.001590
451431.666667	0.001590
451582.500000	0.001589
451733.333333	0.001588
451884.166667	0.001588
452035.000000	0.001587
452185.833333	0.001587
452336.666667	0.001587
452487.500000	0.001586
452638.333333	0.001585
452789.166667	0.001585
452940.000000	0.001584
453090.833333	0.001584
453241.666667	0.001583
453392.500000	0.001582
453543.333333	0.001582
453694.166667	0.001581
453845.000000	0.001581
453995.833333	0.001580
454146.666667	0.001580
454297.500000	0.001580
454448.333333	0.001579
454599.166667	0.001578
454750.000000	0.001578
454900.833333	0.001577
455051.666667	0.001577
455202.500000	0.001576
455353.333333	0.001576
455504.166667	0.001575
455655.000000	0.001575
455805.833333	0.001574
455956.666667	0.001574
456107.500000	0.001573
456258.333333	0.001573
456409.166667	0.001572
456560.000000	0.001572
456710.833333	0.001571
456861.666667	0.001571
457012.500000	0.001570
457163.333333	0.001570
457314.166667	0.001569
457465.000000	0.001569
457615.833333	0.001568
457766.666667	0.001568
457917.500000	0.001567
458068.333333	0.001566
458219.166667	0.001566
458370.000000	0.001566
458520.833333	0.001565
458671.666667	0.001564
458822.500000	0.001564
458973.333333	0.001564
459124.166667	0.001563
459275.000000	0.001563
459425.833333	0.001562
459576.666667	0.001561
459727.500000	0.001561
459878.333333	0.001561
460029.166667	0.001560
460180.000000	0.001559
460330.833333	0.001559
460481.666667	0.001558
460632.500000	0.001558
460783.333333	0.001557
460934.166667	0.001557
461085.000000	0.001557
461235.833333	0.001556
461386.666667	0.001555
461537.500000	0.001555
461688.333333	0.001554
461839.166667	0.001554
461990.000000	0.001553
462140.833333	0.001553
462291.666667	0.001552
462442.500000	0.001552
462593.333333	0.001551
462744.166667	0.001551
462895.000000	0.001550
463045.833333	0.001550
463196.666667	0.001549
463347.500000	0.001549
463498.333333	0.001548
463649.166667	0.001548
463800.000000	0.001547
463950.833333	0.001547
464101.666667	0.001546
464252.500000	0.001546
464403.333333	0.001545
464554.166667	0.001545
464705.000000	0.001544
464855.833333	0.001544
465006.666667	0.001543
465157.500000	0.001543
465308.333333	0.001542
465459.166667	0.001542
465610.000000	0.001541
465760.833333	0.001541
465911.666667	0.001540
466062.500000	0.001540
466213.333333	0.001539
466364.166667	0.001539
466515.000000	0.001538
466665.833333	0.001538
466816.666667	0.001538
466967.500000	0.001537
467118.333333	0.001537
467269.166667	0.001536
467420.000000	0.001535
467570.833333	0.001535
467721.666667	0.001534
467872.500000	0.001534
468023.333333	0.001533
468174.166667	0.001533
468325.000000	0.001532
468475.833333	0.001532
468626.666667	0.001532
468777.500000	0.001531
468928.333333	0.001530
469079.166667	0.001530
469230.000000	0.001530
469380.833333	0.001529
469531.666667	0.001528
469682.500000	0.001528
469833.333333	0.001527
469984.166667	0.001527
470135.000000	0.001526
470285.833333	0.001526
470436.666667	0.001526
470587.500000	0.001525
470738.333333	0.001525
470889.166667	0.001524
471040.000000	0.001523
471190.833333	0.001523
471341.666667	0.001522
471492.500000	0.001522
471643.333333	0.001522
471794.166667	0.001522
471945.000000	0.001520
472095.833333	0.001520
472246.666667	0.001520
472397.500000	0.001519
472548.333333	0.001519
472699.166667	0.001518
472850.000000	0.001518
473000.833333	0.001517
473151.666667	0.001517
473302.500000	0.001516
473453.333333	0.001516
473604.166667	0.001515
473755.000000	0.001515
473905.833333	0.001515
474056.666667	0.001514
474207.500000	0.001514
474358.333333	0.001513
474509.166667	0.001513
474660.000000	0.001512
474810.833333	0.001512
474961.666667	0.001511
475112.500000	0.001510
475263.333333	0.001510
475414.166667	0.001510
475565.000000	0.001509
475715.833333	0.001509
475866.666667	0.001508
476017.500000	0.001508
476168.333333	0.001507
476319.166667	0.001507
476470.000000	0.001506
476620.833333	0.001506
476771.666667	0.001506
476922.500000	0.001505
477073.333333	0.001504
477224.166667	0.001504
477375.000000	0.001504
477525.833333	0.001503
477676.666667	0.001503
477827.500000	0.001502
477978.333333	0.001501
478129.166667	0.001501
478280.000000	0.001501
478430.833333	0.001500
478581.666667	0.001500
478732.500000	0.001499
478883.333333	0.001499
479034.166667	0.001499
479185.000000	0.001498
479335.833333	0.001497
479486.666667	0.001497
479637.500000	0.001497
479788.333333	0.001496
479939.166667	0.001496
480090.000000	0.001495
480240.833333	0.001494
480391.666667	0.001494
480542.500000	0.001493
480693.333333	0.001493
480844.166667	0.001493
480995.000000	0.001493
481145.833333	0.001492
481296.666667	0.001491
481447.500000	0.001491
481598.333333	0.001490
481749.166667	0.001490
481900.000000	0.001490
482050.833333	0.001489
482201.666667	0.001488
482352.500000	0.001488
482503.333333	0.001488
482654.166667	0.001488
482805.000000	0.001487
482955.833333	0.001486
483106.666667	0.001486
483257.500000	0.001485
483408.333333	0.001485
483559.166667	0.001484
483710.000000	0.001484
483860.833333	0.001483
484011.666667	0.001483
484162.500000	0.001483
484313.333333	0.001482
484464.166667	0.001482
484615.000000	0.001481
484765.833333	0.001480
484916.666667	0.001480
485067.500000	0.001480
485218.333333	0.001479
485369.166667	0.001479
485520.000000	0.001478
485670.833333	0.001478
485821.666667	0.001477
485972.500000	0.001477
486123.333333	0.001477
486274.166667	0.001476
486425.000000	0.001476
486575.833333	0.001475
486726.666667	0.001475
486877.500000	0.001474
487028.333333	0.001474
487179.166667	0.001473
487330.000000	0.001473
487480.833333	0.001472
487631.666667	0.001472
487782.500000	0.001472
487933.333333	0.001471
488084.166667	0.001471
488235.000000	0.001470
488385.833333	0.001470
488536.666667	0.001469
488687.500000	0.001469
488838.333333	0.001468
488989.166667	0.001468
489140.000000	0.001467
489290.833333	0.001467
489441.666667	0.001467
489592.500000	0.001466
489743.333333	0.001466
489894.166667	0.001466
490045.000000	0.001465
490195.833333	0.001464
490346.666667	0.001464
490497.500000	0.001464
490648.333333	0.001463
490799.166667	0.001463
490950.000000	0.001462
491100.833333	0.001462
491251.666667	0.001461
491402.500000	0.001461
491553.333333	0.001460
491704.166667	0.001460
491855.000000	0.001460
492005.833333	0.001459
492156.666667	0.001459
492307.500000	0.001458
492458.333333	0.001457
492609.166667	0.001457
492760.000000	0.001457
492910.833333	0.001456
493061.666667	0.001456
493212.500000	0.001455
493363.333333	0.001455
493514.166667	0.001455
493665.000000	0.001454
493815.833333	0.001454
493966.666667	0.001453
494117.500000	0.001453
494268.333333	0.001452
494419.166667	0.001452
494570.000000	0.001451
494720.833333	0.001451
494871.666667	0.001451
495022.500000	0.001450
495173.333333	0.001449
495324.166667	0.001449
495475.000000	0.001449
495625.833333	0.001449
495776.666667	0.001448
495927.500000	0.001448
496078.333333	0.001447
496229.166667	0.001447
496380.000000	0.001446
496530.833333	0.001446
496681.666667	0.001445
496832.500000	0.001445
496983.333333	0.001444
497134.166667	0.001444
497285.000000	0.001444
497435.833333	0.001443
497586.666667	0.001443
497737.500000	0.001442
497888.333333	0.001442
498039.166667	0.001441
498190.000000	0.001441
498340.833333	0.001441
498491.666667	0.001440
498642.500000	0.001440
498793.333333	0.001439
498944.166667	0.001439
499095.000000	0.001438
499245.833333	0.001438
499396.666667	0.001438
499547.500000	0.001437
499698.333333	0.001436
499849.166667	0.001436
500000.000000	0.001435
