Height (nm):	200.000000
Position (nm)	Voltage (mV)
49500.000000	1.793881
49534.166667	1.794778
49568.333333	1.793951
49602.500000	1.792392
49636.666667	1.790393
49670.833333	1.788572
49705.000000	1.782969
49739.166667	1.777814
49773.333333	1.772075
49807.500000	1.760940
49841.666667	1.745086
49875.833333	1.721396
49910.000000	1.686545
49944.166667	1.638617
49978.333333	1.572283
50012.500000	1.489168
50046.666667	1.393311
50080.833333	1.289046
50115.000000	1.183307
50149.166667	1.087697
50183.333333	0.993976
50217.500000	0.915140
50251.666667	0.840668
50285.833333	0.777085
50320.000000	0.721814
50354.166667	0.672724
50388.333333	0.628466
50422.500000	0.590341
50456.666667	0.555864
50490.833333	0.524505
50525.000000	0.496622
50559.166667	0.471429
50593.333333	0.448323
50627.500000	0.427328
50661.666667	0.408626
50695.833333	0.391398
50730.000000	0.374962
50764.166667	0.359944
50798.333333	0.346797
50832.500000	0.333860
50866.666667	0.322056
50900.833333	0.310588
50935.000000	0.300455
50969.166667	0.291164
51003.333333	0.281741
51037.500000	0.273083
51071.666667	0.265118
51105.833333	0.257428
51140.000000	0.250672
51174.166667	0.243567
51208.333333	0.237312
51242.500000	0.231366
51276.666667	0.225659
51310.833333	0.219920
51345.000000	0.214833
51379.166667	0.209579
51413.333333	0.205040
51447.500000	0.200514
51481.666667	0.196075
51515.833333	0.191859
51550.000000	0.187491
51584.166667	0.183947
51618.333333	0.180398
51652.500000	0.176637
51686.666667	0.173589
51720.833333	0.170111
51755.000000	0.166916
51789.166667	0.163913
51823.333333	0.160883
51857.500000	0.158038
51891.666667	0.155369
51925.833333	0.152821
51960.000000	0.150093
51994.166667	0.147615
52028.333333	0.145443
52062.500000	0.143041
52096.666667	0.140907
52130.833333	0.138573
52165.000000	0.136625
52199.166667	0.134459
52233.333333	0.132692
52267.500000	0.130568
52301.666667	0.128762
52335.833333	0.126848
52370.000000	0.125074
52404.166667	0.123311
52438.333333	0.121723
52472.500000	0.120209
52506.666667	0.118573
52540.833333	0.117022
52575.000000	0.115553
52609.166667	0.114191
52643.333333	0.112553
52677.500000	0.111222
52711.666667	0.109848
52745.833333	0.108658
52780.000000	0.107345
52814.166667	0.106040
52848.333333	0.104760
52882.500000	0.103707
52916.666667	0.102520
52950.833333	0.101278
52985.000000	0.100094
53019.166667	0.099081
53053.333333	0.097856
53087.500000	0.096879
53121.666667	0.095929
53155.833333	0.094972
53190.000000	0.093983
53224.166667	0.093048
53258.333333	0.091928
53292.500000	0.091154
53326.666667	0.090205
53360.833333	0.089307
53395.000000	0.088395
53429.166667	0.087604
53463.333333	0.086642
53497.500000	0.085964
53531.666667	0.085079
53565.833333	0.084300
53600.000000	0.083635
53634.166667	0.082719
53668.333333	0.082062
53702.500000	0.081299
53736.666667	0.080610
53770.833333	0.079772
53805.000000	0.079155
53839.166667	0.078443
53873.333333	0.077814
53907.500000	0.077256
53941.666667	0.076507
53975.833333	0.075899
54010.000000	0.075297
54044.166667	0.074587
54078.333333	0.074068
54112.500000	0.073413
54146.666667	0.072878
54180.833333	0.072192
54215.000000	0.071709
54249.166667	0.071179
54283.333333	0.070527
54317.500000	0.070089
54351.666667	0.069476
54385.833333	0.069002
54420.000000	0.068529
54454.166667	0.067976
54488.333333	0.067547
54522.500000	0.066943
54556.666667	0.066449
54590.833333	0.066021
54625.000000	0.065512
54659.166667	0.065039
54693.333333	0.064586
54727.500000	0.064222
54761.666667	0.063743
54795.833333	0.063257
54830.000000	0.062857
54864.166667	0.062442
54898.333333	0.061929
54932.500000	0.061539
54966.666667	0.061187
55000.833333	0.060758
55035.000000	0.060336
55069.166667	0.059991
55103.333333	0.059532
55137.500000	0.059228
55171.666667	0.058788
55205.833333	0.058474
55240.000000	0.058055
55274.166667	0.057708
55308.333333	0.057356
55342.500000	0.057037
55376.666667	0.056658
55410.833333	0.056259
55445.000000	0.055991
55479.166667	0.055644
55513.333333	0.055302
55547.500000	0.054965
55581.666667	0.054658
55615.833333	0.054333
55650.000000	0.053962
55684.166667	0.053692
55718.333333	0.053348
55752.500000	0.053079
55786.666667	0.052741
55820.833333	0.052421
55855.000000	0.052236
55889.166667	0.051864
55923.333333	0.051628
55957.500000	0.051289
55991.666667	0.051027
56025.833333	0.050705
56060.000000	0.050467
56094.166667	0.050246
56128.333333	0.049947
56162.500000	0.049650
56196.666667	0.049403
56230.833333	0.049177
56265.000000	0.048868
56299.166667	0.048641
56333.333333	0.048388
56367.500000	0.048074
56401.666667	0.047909
56435.833333	0.047607
56470.000000	0.047381
56504.166667	0.047159
56538.333333	0.046900
56572.500000	0.046700
56606.666667	0.046440
56640.833333	0.046260
56675.000000	0.045995
56709.166667	0.045777
56743.333333	0.045573
56777.500000	0.045324
56811.666667	0.045112
56845.833333	0.044908
56880.000000	0.044689
56914.166667	0.044500
56948.333333	0.044215
56982.500000	0.044028
57016.666667	0.043817
57050.833333	0.043615
57085.000000	0.043363
57119.166667	0.043268
57153.333333	0.043011
57187.500000	0.042829
57221.666667	0.042660
57255.833333	0.042441
57290.000000	0.042236
57324.166667	0.042037
57358.333333	0.041933
57392.500000	0.041729
57426.666667	0.041544
57460.833333	0.041342
57495.000000	0.041167
57529.166667	0.040982
57563.333333	0.040819
57597.500000	0.040675
57631.666667	0.040482
57665.833333	0.040329
57700.000000	0.040091
57734.166667	0.039932
57768.333333	0.039723
57802.500000	0.039559
57836.666667	0.039476
57870.833333	0.039279
57905.000000	0.039083
57939.166667	0.038932
57973.333333	0.038811
58007.500000	0.038657
58041.666667	0.038447
58075.833333	0.038369
58110.000000	0.038161
58144.166667	0.038057
58178.333333	0.037857
58212.500000	0.037716
58246.666667	0.037587
58280.833333	0.037426
58315.000000	0.037291
58349.166667	0.037122
58383.333333	0.036982
58417.500000	0.036811
58451.666667	0.036695
58485.833333	0.036501
58520.000000	0.036375
58554.166667	0.036285
58588.333333	0.036147
58622.500000	0.035991
58656.666667	0.035846
58690.833333	0.035744
58725.000000	0.035608
58759.166667	0.035495
58793.333333	0.035366
58827.500000	0.035193
58861.666667	0.035116
58895.833333	0.034939
58930.000000	0.034864
58964.166667	0.034694
58998.333333	0.034590
59032.500000	0.034468
59066.666667	0.034336
59100.833333	0.034180
59135.000000	0.034076
59169.166667	0.033960
59203.333333	0.033802
59237.500000	0.033754
59271.666667	0.033631
59305.833333	0.033480
59340.000000	0.033391
59374.166667	0.033254
59408.333333	0.033164
59442.500000	0.033036
59476.666667	0.032934
59510.833333	0.032841
59545.000000	0.032727
59579.166667	0.032589
59613.333333	0.032506
59647.500000	0.032415
59681.666667	0.032256
59715.833333	0.032177
59750.000000	0.032077
59784.166667	0.031937
59818.333333	0.031839
59852.500000	0.031768
59886.666667	0.031550
59920.833333	0.031507
59955.000000	0.031422
59989.166667	0.031329
60023.333333	0.031210
60057.500000	0.031143
60091.666667	0.031032
60125.833333	0.030930
60160.000000	0.030867
60194.166667	0.030746
60228.333333	0.030627
60262.500000	0.030578
60296.666667	0.030466
60330.833333	0.030371
60365.000000	0.030267
60399.166667	0.030171
60433.333333	0.030112
60467.500000	0.029961
60501.666667	0.029886
60535.833333	0.029798
60570.000000	0.029718
60604.166667	0.029598
60638.333333	0.029551
60672.500000	0.029438
60706.666667	0.029361
60740.833333	0.029275
60775.000000	0.029182
60809.166667	0.029109
60843.333333	0.029003
60877.500000	0.028942
60911.666667	0.028836
60945.833333	0.028769
60980.000000	0.028661
61014.166667	0.028594
61048.333333	0.028532
61082.500000	0.028452
61116.666667	0.028309
61150.833333	0.028303
61185.000000	0.028189
61219.166667	0.028109
61253.333333	0.028038
61287.500000	0.027911
61321.666667	0.027894
61355.833333	0.027805
61390.000000	0.027707
61424.166667	0.027644
61458.333333	0.027551
61492.500000	0.027469
61526.666667	0.027409
61560.833333	0.027340
61595.000000	0.027262
61629.166667	0.027144
61663.333333	0.027094
61697.500000	0.027054
61731.666667	0.026985
61765.833333	0.026929
61800.000000	0.026815
61834.166667	0.026760
61868.333333	0.026683
61902.500000	0.026589
61936.666667	0.026556
61970.833333	0.026455
62005.000000	0.026404
62039.166667	0.026323
62073.333333	0.026250
62107.500000	0.026184
62141.666667	0.026111
62175.833333	0.026043
62210.000000	0.025988
62244.166667	0.025933
62278.333333	0.025864
62312.500000	0.025748
62346.666667	0.025723
62380.833333	0.025653
62415.000000	0.025607
62449.166667	0.025523
62483.333333	0.025468
62517.500000	0.025381
62551.666667	0.025325
62585.833333	0.025307
62620.000000	0.025171
62654.166667	0.025149
62688.333333	0.025072
62722.500000	0.025003
62756.666667	0.024971
62790.833333	0.024879
62825.000000	0.024833
62859.166667	0.024752
62893.333333	0.024709
62927.500000	0.024630
62961.666667	0.024598
62995.833333	0.024532
63030.000000	0.024481
63064.166667	0.024408
63098.333333	0.024377
63132.500000	0.024300
63166.666667	0.024247
63200.833333	0.024155
63235.000000	0.024118
63269.166667	0.024078
63303.333333	0.023999
63337.500000	0.023987
63371.666667	0.023885
63405.833333	0.023813
63440.000000	0.023772
63474.166667	0.023737
63508.333333	0.023670
63542.500000	0.023612
63576.666667	0.023575
63610.833333	0.023520
63645.000000	0.023470
63679.166667	0.023380
63713.333333	0.023369
63747.500000	0.023301
63781.666667	0.023279
63815.833333	0.023199
63850.000000	0.023153
63884.166667	0.023079
63918.333333	0.023023
63952.500000	0.023002
63986.666667	0.022933
64020.833333	0.022894
64055.000000	0.022808
64089.166667	0.022757
64123.333333	0.022740
64157.500000	0.022678
64191.666667	0.022622
64225.833333	0.022606
64260.000000	0.022532
64294.166667	0.022482
64328.333333	0.022433
64362.500000	0.022403
64396.666667	0.022343
64430.833333	0.022302
64465.000000	0.022252
64499.166667	0.022211
64533.333333	0.022185
64567.500000	0.022095
64601.666667	0.022050
64635.833333	0.022004
64670.000000	0.021956
64704.166667	0.021918
64738.333333	0.021863
64772.500000	0.021792
64806.666667	0.021769
64840.833333	0.021714
64875.000000	0.021693
64909.166667	0.021642
64943.333333	0.021613
64977.500000	0.021547
65011.666667	0.021517
65045.833333	0.021473
65080.000000	0.021425
65114.166667	0.021386
65148.333333	0.021340
65182.500000	0.021303
65216.666667	0.021254
65250.833333	0.021211
65285.000000	0.021133
65319.166667	0.021136
65353.333333	0.021080
65387.500000	0.021049
65421.666667	0.020985
65455.833333	0.020919
65490.000000	0.020914
65524.166667	0.020851
65558.333333	0.020837
65592.500000	0.020798
65626.666667	0.020750
65660.833333	0.020718
65695.000000	0.020645
65729.166667	0.020633
65763.333333	0.020585
65797.500000	0.020538
65831.666667	0.020516
65865.833333	0.020470
65900.000000	0.020441
65934.166667	0.020389
65968.333333	0.020338
66002.500000	0.020311
66036.666667	0.020268
66070.833333	0.020225
66105.000000	0.020190
66139.166667	0.020118
66173.333333	0.020124
66207.500000	0.020077
66241.666667	0.020045
66275.833333	0.019995
66310.000000	0.019959
66344.166667	0.019924
66378.333333	0.019885
66412.500000	0.019848
66446.666667	0.019828
66480.833333	0.019766
66515.000000	0.019737
66549.166667	0.019696
66583.333333	0.019667
66617.500000	0.019637
66651.666667	0.019589
66685.833333	0.019558
66720.000000	0.019526
66754.166667	0.019486
66788.333333	0.019456
66822.500000	0.019395
66856.666667	0.019373
66890.833333	0.019359
66925.000000	0.019311
66959.166667	0.019297
66993.333333	0.019237
67027.500000	0.019195
67061.666667	0.019157
67095.833333	0.019128
67130.000000	0.019117
67164.166667	0.019072
67198.333333	0.019049
67232.500000	0.019014
67266.666667	0.018987
67300.833333	0.018937
67335.000000	0.018911
67369.166667	0.018870
67403.333333	0.018846
67437.500000	0.018799
67471.666667	0.018771
67505.833333	0.018738
67540.000000	0.018712
67574.166667	0.018665
67608.333333	0.018672
67642.500000	0.018631
67676.666667	0.018591
67710.833333	0.018556
67745.000000	0.018524
67779.166667	0.018491
67813.333333	0.018472
67847.500000	0.018424
67881.666667	0.018386
67915.833333	0.018381
67950.000000	0.018336
67984.166667	0.018297
68018.333333	0.018252
68052.500000	0.018251
68086.666667	0.018213
68120.833333	0.018163
68155.000000	0.018139
68189.166667	0.018122
68223.333333	0.018079
68257.500000	0.018055
68291.666667	0.018048
68325.833333	0.018007
68360.000000	0.017968
68394.166667	0.017937
68428.333333	0.017906
68462.500000	0.017894
68496.666667	0.017860
68530.833333	0.017843
68565.000000	0.017799
68599.166667	0.017773
68633.333333	0.017734
68667.500000	0.017708
68701.666667	0.017668
68735.833333	0.017646
68770.000000	0.017625
68804.166667	0.017593
68838.333333	0.017577
68872.500000	0.017535
68906.666667	0.017526
68940.833333	0.017467
68975.000000	0.017472
69009.166667	0.017430
69043.333333	0.017409
69077.500000	0.017381
69111.666667	0.017359
69145.833333	0.017311
69180.000000	0.017301
69214.166667	0.017278
69248.333333	0.017246
69282.500000	0.017213
69316.666667	0.017188
69350.833333	0.017155
69385.000000	0.017131
69419.166667	0.017107
69453.333333	0.017098
69487.500000	0.017052
69521.666667	0.017039
69555.833333	0.017001
69590.000000	0.016979
69624.166667	0.016950
69658.333333	0.016932
69692.500000	0.016884
69726.666667	0.016881
69760.833333	0.016856
69795.000000	0.016834
69829.166667	0.016822
69863.333333	0.016793
69897.500000	0.016744
69931.666667	0.016715
69965.833333	0.016719
70000.000000	0.016694
